
-----------------FRAME 13--------------------
9 409 0.0925092826667570 0.9946778990990190 -0.0453641892294272 0.9998435040807044 -0.0173462128388270 0.0034750896058010
13 4915 0.0890728540268778 0.9940825966976780 -0.0621756995803665 0.9998049931762405 -0.0144581729155061 -0.0134512771067754
7 7059 0.0734035626217796 0.9969048792448060 -0.0281527748602052 0.9997944428447038 0.0023785585887867 0.0201349078937087
3 1500 0.0834649152207942 0.9963159773022280 -0.0196997791736642 0.9995550512699759 -0.0074720836619526 0.0288767630877274
17 6672 0.1069339148907660 0.9912689915139150 -0.0771422342761742 0.9990681602056645 -0.0328989444903280 -0.0279369059613065
20 2140 0.1056315938091210 0.9907955640141149 -0.0846529191422004 0.9988617787731485 -0.0318558982041638 -0.0355013894903813
2 2436 0.1152426193738360 0.9931324541293191 -0.0201759072889644 0.9987947077643975 -0.0393823001000085 0.0292944735515881
4 31 0.1035789115479310 0.9944000301421640 -0.0209759179967930 0.9992192029559185 -0.0277000814087906 0.0281725031561899
5 4530 0.1128735860402750 0.9932780191921770 -0.0256579454375142 0.9990258395460111 -0.0371819253372852 0.0237671274579025
6 2377 0.1188380369227590 0.9925249827945080 -0.0277791200203857 0.9988265201958368 -0.0432523592023216 0.0217902725294787


_________________FRAME 14_____________________________________

10 6310 0.0843508607759057 0.9952162870597610 -0.0492896972738534 0.9999326881892482 -0.0115066328229778 0.0014887886690818
13 4915 0.0890728540268778 0.9940825966976780 -0.0621756995803665 0.9997973035316060 -0.0167009619137758 -0.0112440972107323
9 409 0.0925092826667570 0.9946778990990190 -0.0453641892294272 0.9997927987120414 -0.0195481645553185 0.0056770508242859
3 1500 0.0834649152207942 0.9963159773022280 -0.0196997791736642 0.9994711115892049 -0.0096150670502496 0.0310652150203150
4 31 0.1035789115479310 0.9944000301421640 -0.0209759179967930 0.9990924029801839 -0.0298441402189211 0.0303923938161412
5 4530 0.1128735860402750 0.9932780191921770 -0.0256579454375142 0.9988878455441249 -0.0393461294128481 0.0259798792230388
20 6155 0.0959847459912296 0.9918387163130610 -0.0839219241882519 0.9991625500670985 -0.0244337843445091 -0.0328205534081731
21 2140 0.1056315938091210 0.9907955640141149 -0.0846529191422004 0.9988627625902775 -0.0341455213878379 -0.0332755898470855
19 2800 0.1951138033886960 -0.0932283688004812 -0.9763396309573830 0.9988334552492306 -0.0353124837873054 -0.0329356518632064
6 2377 0.1188380369227590 0.9925249827945080 -0.0277791200203857 0.9986792704601397 -0.0454066174969210 0.0240406705541202
2 2436 0.1152426193738360 0.9931324541293191 -0.0201759072889644 0.9986390298602628 -0.0415338727942835 0.0315440240055342