UIS_iter_1

Total Matched Stars = 10
31 31 0.1035789115479310 0.9944000301421640 -0.0209759179967930 0.9999969538195661 -0.0017438035574628 0.0017468545278696
4530 4530 0.1128735860402750 0.9932780191921770 -0.0256579454375142 0.9999339846272620 -0.0111127629553093 -0.0029211105671702
6542 6542 0.1129036244950260 0.9934415106995670 -0.0180758511514055 0.9999273830550018 -0.0111124653824451 0.0046628027944057
2436 2436 0.1152426193738360 0.9931324541293191 -0.0201759072889644 0.9999059222570659 -0.0134745188491184 0.0025659261546534
1745 1745 0.1543390692512580 0.9878954716878739 0.0155559866690965 0.9978672016337458 -0.0528373371130773 0.0383309758607342
2377 2377 0.1188380369227590 0.9925249827945080 -0.0277791200203857 0.9998406540753509 -0.0171266743298212 -0.0050342312793868
8122 8122 0.1494488981432860 0.9884268935436690 -0.0260250449254053 0.9988424117237533 -0.0479926176593150 -0.0032473361518005
7776 7776 0.1348484427488770 0.9891852124137710 -0.0576932667659445 0.9988291987589120 -0.0334473820324194 -0.0349500263491662
4066 4066 0.1329032266832860 0.9893042813942650 -0.0601146500625852 0.9988045342325363 -0.0315044792175801 -0.0373760643427739
252 252 0.1542435894726120 0.9871471573337640 -0.0418258876112961 0.9984169232720763 -0.0529209249661069 -0.0190531631140963



UIS_iter_2

Total Matched Stars = 10
31 31 0.1035789115479310 0.9944000301421640 -0.0209759179967930 0.9999845767009700 -0.0039214419651658 0.0039330208613475
4530 4530 0.1128735860402750 0.9932780191921770 -0.0256579454375142 0.9999112902299778 -0.0133004116359551 -0.0007146474200352
6542 6542 0.1129036244950260 0.9934415106995670 -0.0180758511514055 0.9998881744662526 -0.0132835405751782 0.0068692148264702
2436 2436 0.1152426193738360 0.9931324541293191 -0.0201759072889644 0.9998661159948929 -0.0156501143982837 0.0047774474992459
5948 7702 -0.6491847038829850 0.5775941492136391 -0.4949183963428040 0.9982010767651218 -0.0492882640778381 0.0341361592617654
1500 1726 0.4930521637954580 0.7679113659032880 0.4089152698214680 0.9998542013089206 0.0162883102014930 0.0051251415278562
4066 1530 0.3790757893184800 -0.6848380469831820 0.6223330260855779 0.9988122941483206 -0.0337647975454746 -0.0351274750712591
8122 1408 -0.0071758594479436 -0.7464144636748890 -0.6654426763126260 0.9987398053584249 -0.0501784217422727 -0.0009629039776083
32 2468 -0.4203413515683300 -0.7916002965966890 -0.4434885777443920 0.9998332171034263 0.0158480834839383 -0.0090761349978370
2377 2377 0.1188380369227590 0.9925249827945080 -0.0277791200203857 0.9998094139471004 -0.0193187046591714 -0.0028148593299375



UIS_iter_3

Total Matched Stars = 5
31 31 0.1035789115479310 0.9944000301421640 -0.0209759179967930 -0.1693474020564598 0.1700611531347506 0.9999626749321437
4530 4530 0.1128735860402750 0.9932780191921770 -0.0256579454375142 -0.4301504601004686 0.0415228808472597 0.9998789763646028
6542 6542 0.1129036244950260 0.9934415106995670 -0.0180758511514055 -0.4292205742708992 0.2521822994592215 0.9998393957167594
2436 2436 0.1152426193738360 0.9931324541293191 -0.0201759072889644 -0.4950839183524655 0.1942197747615432 0.9998167097465280
2377 2377 0.1188380369227590 0.9925249827945080 -0.0277791200203857 -0.5974456355258222 -0.0164581115100970 0.9997684997261772



UIS_iter_4

Total Matched Stars = 5
31 31 0.1035789115479310 0.9944000301421640 -0.0209759179967930 -0.2296936155763090 0.2309546025640856 0.9999312453642076
4530 4530 0.1128735860402750 0.9932780191921770 -0.0256579454375142 -0.4907708500274131 0.1029797694634249 0.9998370400846525
6542 6542 0.1129036244950260 0.9934415106995670 -0.0180758511514055 -0.4893788536406589 0.3136337680049001 0.9997810441729431
2436 2436 0.1152426193738360 0.9931324541293191 -0.0201759072889644 -0.5553669947882700 0.2558135618007414 0.9997577008914796
2377 2377 0.1188380369227590 0.9925249827945080 -0.0277791200203857 -0.6581850482773111 0.0453566484562491 0.9997179086326292



UIS_iter_5

Total Matched Stars = 5
31 31 0.1035789115479310 0.9944000301421640 -0.0209759179967930 -0.2899668361560615 0.2919300722557118 0.9998902850326268
4530 4530 0.1128735860402750 0.9932780191921770 -0.0256579454375142 -0.5513162947491405 0.1645184838604999 0.9997854786298156
6542 6542 0.1129036244950260 0.9934415106995670 -0.0180758511514055 -0.5494613278040574 0.3751650670609680 0.9997131173864479
2436 2436 0.1152426193738360 0.9931324541293191 -0.0201759072889644 -0.6155738786220141 0.3174873718443575 0.9996890869950549
2377 2377 0.1188380369227590 0.9925249827945080 -0.0277791200203857 -0.7188481662748113 0.1072528726744425 0.9996576380737305



UIS_iter_6

Total Matched Stars = 5
31 31 0.1035789115479310 0.9944000301421640 -0.0209759179967930 -0.3501663159169492 0.3529867064777945 0.9998397911572514
4530 4530 0.1128735860402750 0.9932780191921770 -0.0256579454375142 -0.6117860404754244 0.2261381590745163 0.9997242894259906
6542 6542 0.1129036244950260 0.9934415106995670 -0.0180758511514055 -0.6094672482945931 0.4367753349218501 0.9996356130941703
2436 2436 0.1152426193738360 0.9931324541293191 -0.0201759072889644 -0.6757038192557934 0.3792403404694686 0.9996108658083873
2377 2377 0.1188380369227590 0.9925249827945080 -0.0277791200203857 -0.7794342325925784 0.1692296906784684 0.9995876856440143



UIS_iter_7

Total Matched Stars = 5
31 31 0.1035789115479310 0.9944000301421640 -0.0209759179967930 -0.4102913069936160 0.4141236492975094 0.9997797611423535
4530 4530 0.1128735860402750 0.9932780191921770 -0.0256579454375142 -0.6721793334460280 0.2878379299591520 0.9996534700853169
6542 6542 0.1129036244950260 0.9934415106995670 -0.0180758511514055 -0.6693958666958274 0.4984637097266877 0.9995485292182876
2436 2436 0.1152426193738360 0.9931324541293191 -0.0201759072889644 -0.7357560661435104 0.4410716030992829 0.9995230352684654
2377 2377 0.1188380369227590 0.9925249827945080 -0.0277791200203857 -0.8399424903478393 0.2312862318350867 0.9995080491253014



UIS_iter_8

Total Matched Stars = 5
31 31 0.1035789115479310 0.9944000301421640 -0.0209759179967930 -0.4703410615461989 0.4753400445976883 0.9997101925766596
4530 4530 0.1128735860402750 0.9932780191921770 -0.0256579454375142 -0.7324954199429152 0.3496169312025244 0.9995730184062033
6542 6542 0.1129036244950260 0.9934415106995670 -0.0180758511514055 -0.7292464346535511 0.5602293294760141 0.9994518638662786
2436 2436 0.1152426193738360 0.9931324541293191 -0.0201759072889644 -0.7957298688030788 0.5029802950198687 0.9994255934981535
2377 2377 0.1188380369227590 0.9925249827945080 -0.0277791200203857 -0.9003721827130686 0.2934216253607018 0.9994187264867253



UIS_iter_9

Total Matched Stars = 5
31 31 0.1035789115479310 0.9944000301421640 -0.0209759179967930 -0.5303148317723191 0.5366350360934371 0.9996310832333807
4530 4530 0.1128735860402750 0.9932780191921770 -0.0256579454375142 -0.7927335463023734 0.4114742973439550 0.9994829323733553
6542 6542 0.1129036244950260 0.9934415106995670 -0.0180758511514055 -0.7890182038878630 0.6220713320484170 0.9993456153309440
2436 2436 0.1152426193738360 0.9931324541293191 -0.0201759072889644 -0.8556244768285477 0.5649655513968654 0.9993185388062112
2377 2377 0.1188380369227590 0.9925249827945080 -0.0277791200203857 -0.9607225529282115 0.3556350003382127 0.9993197158847547



UIS_iter_10

Total Matched Stars = 5
31 31 0.1035789115479310 0.9944000301421640 -0.0209759179967930 -0.5902118699190940 0.5980077673487403 0.9995424310702378
4530 4530 0.1128735860402750 0.9932780191921770 -0.0256579454375142 -0.8528929589271557 0.4734091627907201 0.9993832101577937
6542 6542 0.1129036244950260 0.9934415106995670 -0.0180758511514055 -0.8487104262052558 0.6839888552171746 0.9992297820904220
2436 2436 0.1152426193738360 0.9931324541293191 -0.0201759072889644 -0.9154391399022104 0.6270265072921677 0.9992018696873085
2377 2377 0.1188380369227590 0.9925249827945080 -0.0277791200203857 -1.0209928443128926 0.4179254857338375 0.9992110156632110



UIS_iter_11

Total Matched Stars = 5
31 31 0.1035789115479310 0.9944000301421640 -0.0209759179967930 -0.6500314282952814 0.6594573817930365 0.9994442342294841
4530 4530 0.1128735860402750 0.9932780191921770 -0.0256579454375142 -0.9129729042987531 0.5354206618347673 0.9992738501168746
6542 6542 0.1129036244950260 0.9934415106995670 -0.0180758511514055 -0.9083223535108589 0.7459810366668616 0.9991043628082001
2436 2436 0.1152426193738360 0.9931324541293191 -0.0201759072889644 -0.9751731078069014 0.6891622976805842 0.9990755848220376
2377 2377 0.1188380369227590 0.9925249827945080 -0.0277791200203857 -1.0811823002787533 0.4802922104139119 0.9990926243532822



UIS_iter_12

Total Matched Stars = 5
31 31 0.1035789115479310 0.9944000301421640 -0.0209759179967930 -0.7097727592832926 0.7209830227377700 0.9993364910379237
4530 4530 0.1128735860402750 0.9932780191921770 -0.0256579454375142 -0.9729726289895517 0.5975079286694127 0.9991548507943026
6542 6542 0.1129036244950260 0.9934415106995670 -0.0180758511514055 -0.9678532378205231 0.8080470140099351 0.9989693563331230
2436 2436 0.1152426193738360 0.9931324541293191 -0.0201759072889644 -1.0348256304381103 0.7513720574664726 0.9989396830769200
2377 2377 0.1188380369227590 0.9925249827945080 -0.0277791200203857 -1.1412901643417002 0.5427343031616606 0.9989645406735342



UIS_iter_13

Total Matched Stars = 5
31 31 0.1035789115479310 0.9944000301421640 -0.0209759179967930 -0.7694351153513910 0.7825838333929067 0.9992192000069261
4530 4530 0.1128735860402750 0.9932780191921770 -0.0256579454375142 -1.0328913796751380 0.6596700974059954 0.9990262109201410
6542 6542 0.1129036244950260 0.9934415106995670 -0.0180758511514055 -1.0273023312731100 0.8701859248032826 0.9988247616993983
2436 2436 0.1152426193738360 0.9931324541293191 -0.0201759072889644 -1.0943959578163067 0.8136549215003316 0.9987941635044123
2377 2377 0.1188380369227590 0.9925249827945080 -0.0277791200203857 -1.2013156801342961 0.6052508926939373 0.9988267635299173



UIS_iter_14

Total Matched Stars = 5
31 31 0.1035789115479310 0.9944000301421640 -0.0209759179967930 -0.8290177490658278 0.8442589568834259 0.9990923598324385
4530 4530 0.1128735860402750 0.9932780191921770 -0.0256579454375142 -1.0927284031465891 0.7219063020905319 0.9988879294108196
6542 6542 0.1129036244950260 0.9934415106995670 -0.0180758511514055 -1.0866688861426950 0.9323969065647471 0.9986705781265969
2436 2436 0.1152426193738360 0.9931324541293191 -0.0201759072889644 -1.1538833400992092 0.8760100245953941 0.9986390253429053
2377 2377 0.1188380369227590 0.9925249827945080 -0.0277791200203857 -1.2612580914181042 0.6678411076779462 0.9986792920157699



UIS_iter_15

Total Matched Stars = 5
31 31 0.1035789115479310 0.9944000301421640 -0.0209759179967930 -0.8885199131029922 0.9060075362658432 0.9989559693949931
4530 4530 0.1128735860402750 0.9932780191921770 -0.0256579454375142 -1.1524829463227295 0.7842156767203292 0.9987400053691374
6542 6542 0.1129036244950260 0.9934415106995670 -0.0180758511514055 -1.1459521548508049 0.9946790967896698 0.9985068050196505
2436 2436 0.1152426193738360 0.9931324541293191 -0.0201759072889644 -1.2132870275940102 0.9384365015441768 0.9984742680167222
2377 2377 0.1188380369227590 0.9925249827945080 -0.0277791200203857 -1.3211166420960414 0.7305040767479437 0.9985221254118176



UIS_iter_16

Total Matched Stars = 5
31 31 0.1035789115479310 0.9944000301421640 -0.0209759179967930 -0.9479408602616345 0.9678287145445841 0.9988100277597114
4530 4530 0.1128735860402750 0.9932780191921770 -0.0256579454375142 -1.2121542562625134 0.8465973552605701 0.9985824380842623
6542 6542 0.1129036244950260 0.9934415106995670 -0.0180758511514055 -1.2051513899787478 1.0570316329673015 0.9983334419688464
2436 2436 0.1152426193738360 0.9931324541293191 -0.0201759072889644 -1.2726062707698078 1.0009334871349913 0.9982998911361115
2377 2377 0.1188380369227590 0.9925249827945080 -0.0277791200203857 -1.3808905762248369 0.7932389285218854 0.9983552631861702



UIS_iter_17

Total Matched Stars = 5
31 31 0.1035789115479310 0.9944000301421640 -0.0209759179967930 -1.0072798434751395 1.0297216346884626 0.9986545341763037
4530 4530 0.1128735860402750 0.9932780191921770 -0.0256579454375142 -1.2717415801773926 0.9090504716608736 0.9984152270317269
6542 6542 0.1129036244950260 0.9934415106995670 -0.0180758511514055 -1.2642658442799022 1.1194536525972947 0.9981504887498163
2436 2436 0.1152426193738360 0.9931324541293191 -0.0201759072889644 -1.3318403202698770 1.0635001161684721 0.9981158944972373
2377 2377 0.1188380369227590 0.9925249827945080 -0.0277791200203857 -1.4405791380274708 0.8560447916180822 0.9981787049943128



UIS_iter_18

Total Matched Stars = 5
31 31 0.1035789115479310 0.9944000301421640 -0.0209759179967930 -1.0665361158236968 1.0916854396470379 0.9984894880790686
4530 4530 0.1128735860402750 0.9932780191921770 -0.0256579454375142 -1.3312441654436520 0.9715741598718115 0.9982383718734213
32 32 0.0838088534043478 0.9959051240895140 -0.0338977861120492 -0.5307059389086201 0.7118336850863539 0.9994890147662925
633 633 0.0838056274209881 0.9959050117246850 -0.0339090612407629 -0.5306294153918407 0.7115171645359893 0.9994893595079073
1500 1500 0.0834649152207942 0.9963159773022280 -0.0196997791736642 -0.5045449482491496 1.1054403308072855 0.9990427283890346



UIS_iter_19

Total Matched Stars = 10
7777 7777 0.0496711933510463 0.9962099190898061 -0.0714042691872439 0.9998752421220600 0.0111919879053196 -0.0111462818051109
8040 8040 0.0797824289838490 0.9955306940394000 -0.0505311908712528 0.9997774789303521 -0.0179851435475064 0.0110239391890881
7060 7060 0.0606715811796547 0.9953788738655019 -0.0744302136192396 0.9999061115383545 0.0000421518527639 -0.0137027855368561
6310 6310 0.0843508607759057 0.9952162870597610 -0.0492896972738534 0.9996690880879879 -0.0225073361303905 0.0124552856909888
4915 4915 0.0890728540268778 0.9940825966976780 -0.0621756995803665 0.9996124621541890 -0.0278364291704881 -0.0002423160674682
7059 7059 0.0734035626217796 0.9969048792448060 -0.0281527748602052 0.9993951662658599 -0.0105846270326810 0.0331250255096240
409 632 0.3712758960233410 0.8474917710887190 0.3793572287026720 0.9993946976215731 -0.0305089836270877 0.0167164674475900
1882 1882 0.1072004575996580 0.9897905608995760 -0.0939292683061406 0.9983784072902970 -0.0475367339183185 -0.0313179626551427
126 126 0.1064197721753300 0.9889758125963281 -0.1029644316722250 0.9980678959789947 -0.0471950972872227 -0.0404116048692990
1005 1005 0.1068102185026640 0.9906954664713790 -0.0843449461228707 0.9986735245690778 -0.0466817641119102 -0.0217256581988967



UIS_iter_20

Total Matched Stars = 10
7777 7777 0.0496711933510463 0.9962099190898061 -0.0714042691872439 0.9999193037117263 0.0089466244839367 -0.0090190894773312
8040 8040 0.0797824289838490 0.9955306940394000 -0.0505311908712528 0.9997089956629718 -0.0201819799446932 0.0132140711381503
7060 7060 0.0606715811796547 0.9953788738655019 -0.0744302136192396 0.9999308414894289 -0.0022087808030312 -0.0115513430217727
6310 6310 0.0843508607759057 0.9952162870597610 -0.0492896972738534 0.9995874659056541 -0.0247008000491856 0.0146549814480675
4915 4915 0.0890728540268778 0.9940825966976780 -0.0621756995803665 0.9995462372960994 -0.0300573295194227 0.0019688700746403
7059 7059 0.0734035626217796 0.9969048792448060 -0.0281527748602052 0.9992957109996142 -0.0127326311045392 0.0352981880969996
409 2607 -0.3207271812294150 -0.7248653968872800 -0.6096755133807490 0.9992861167141692 -0.0326925411710205 0.0189328997804591
633 4702 0.1240442527506630 0.9562667105172920 0.2648905466715770 0.9992752493611864 -0.0234244222365368 0.0300045406067708
32 2984 -0.0586773508348344 0.7886438331182281 -0.6120440122929020 0.9992748434648783 -0.0234271259253446 0.0300159455809935
6155 6155 0.0959847459912296 0.9918387163130610 -0.0839219241882519 0.9990848178755956 -0.0380636219026071 -0.0195112116011190



UIS_iter_21

Total Matched Stars = 6
7777 7777 0.0496711933510463 0.9962099190898061 -0.0714042691872439 0.1862112356415333 -0.1913517408294435 0.9999538029396935
8040 8040 0.0797824289838490 0.9955306940394000 -0.0505311908712528 -0.6215583079785372 0.4279742500051906 0.9996308980274697
7060 7060 0.0606715811796547 0.9953788738655019 -0.0744302136192396 -0.1238131349104897 -0.2610195097873124 0.9999459158892453
6310 6310 0.0843508607759057 0.9952162870597610 -0.0492896972738534 -0.7469860372105759 0.4682641392035694 0.9994962089776871
4915 4915 0.0890728540268778 0.9940825966976780 -0.0621756995803665 -0.8965406854285169 0.1161938163803578 0.9994702582268981
7059 7059 0.0734035626217796 0.9969048792448060 -0.0281527748602052 -0.4132749585121381 1.0409459288787641 0.9991868411137306



UIS_iter_22

Total Matched Stars = 6
7777 7777 0.0496711933510463 0.9962099190898061 -0.0714042691872439 0.1239709887473777 -0.1320842125477459 0.9999787356245876
8040 8040 0.0797824289838490 0.9955306940394000 -0.0505311908712528 -0.6824298204949448 0.4889698344311623 0.9995431839902095
7060 7060 0.0606715811796547 0.9953788738655019 -0.0744302136192396 -0.1862026786869986 -0.2010803929313322 0.9999513309299032
6310 6310 0.0843508607759057 0.9952162870597610 -0.0492896972738534 -0.8077611265445926 0.5295232651430321 0.9993953155223682
4915 4915 0.0890728540268778 0.9940825966976780 -0.0621756995803665 -0.9580779671189212 0.1777770751004013 0.9993845228784340
7059 7059 0.0734035626217796 0.9969048792448060 -0.0281527748602052 -0.4727889569264518 1.1014608709376261 0.9990685551549474



UIS_iter_23

Total Matched Stars = 5
7777 7777 0.0496711933510463 0.9962099190898061 -0.0714042691872439 0.0617973754146095 -0.0727285195356535 0.9999940977697328
8040 8040 0.0797824289838490 0.9955306940394000 -0.0505311908712528 -0.7432243294772146 0.5500434309956878 0.9994458517032521
7060 7060 0.0606715811796547 0.9953788738655019 -0.0744302136192396 -0.2485228792423941 -0.1410541396792986 0.9999470829899908
6310 6310 0.0843508607759057 0.9952162870597610 -0.0492896972738534 -0.8684578403873989 0.5908593391684311 0.9992847839440666
4915 4915 0.0890728540268778 0.9940825966976780 -0.0621756995803665 -1.0195368922724959 0.2394397454893658 0.9992890293709392



UIS_iter_24

Total Matched Stars = 5
7777 7777 0.0496711933510463 0.9962099190898061 -0.0714042691872439 -0.0003088349521200 -0.0132855032135651 0.9999998855632097
8040 8040 0.0797824289838490 0.9955306940394000 -0.0505311908712528 -0.8039410729021446 0.6111941856889722 0.9993388995043725
7060 7060 0.0606715811796547 0.9953788738655019 -0.0744302136192396 -0.3107729621280815 -0.0809416010505345 0.9999331686346369
6310 6310 0.0843508607759057 0.9952162870597610 -0.0492896972738534 -0.9290754165109782 0.6522715045376459 0.9991646128332533
4915 4915 0.0890728540268778 0.9940825966976780 -0.0621756995803665 -1.0809166881758610 0.3011809613555999 0.9991837760130490



UIS_iter_25

Total Matched Stars = 5
7777 7777 0.0496711933510463 0.9962099190898061 -0.0714042691872439 -0.0623468728767926 0.0462439947158526 0.9999960953779131
8040 8040 0.0797824289838490 0.9955306940394000 -0.0505311908712528 -0.8645792888270037 0.6724212444054387 0.9992223259170758
7060 7060 0.0606715811796547 0.9953788738655019 -0.0744302136192396 -0.3729521528527990 -0.0207436283134224 0.9999095846155605
6310 6310 0.0843508607759057 0.9952162870597610 -0.0492896972738534 -0.9896130927859690 0.7137589044347816 0.9990348009665094
4915 4915 0.0890728540268778 0.9940825966976780 -0.0621756995803665 -1.1422165821975176 0.3629998564099811 0.9990687613018159



UIS_iter_26

Total Matched Stars = 5
7777 7777 0.0496711933510463 0.9962099190898061 -0.0714042691872439 -0.1243159688241969 0.1058591322841946 0.9999827237716028
8040 8040 0.0797824289838490 0.9955306940394000 -0.0505311908712528 -0.9251382154018829 0.7337237529601727 0.9990961296506065
7060 7060 0.0606715811796547 0.9953788738655019 -0.0744302136192396 -0.4350596768949282 0.0395389270312502 0.9998763278711138
6310 6310 0.0843508607759057 0.9952162870597610 -0.0492896972738534 -1.0500701071940992 0.7753206819866237 0.9988953473065330
4915 4915 0.0890728540268778 0.9940825966976780 -0.0621756995803665 -1.2034358018003639 0.4248955642825945 0.9989439839227203



UIS_iter_27

Total Matched Stars = 5
7777 7777 0.0496711933510463 0.9962099190898061 -0.0714042691872439 -0.1862153532122568 0.1655590672738212 0.9999597674869540
8040 8040 0.0797824289838490 0.9955306940394000 -0.0505311908712528 -0.9856170908822156 0.7951008571053290 0.9989603095999560
7060 7060 0.0606715811796547 0.9953788738655019 -0.0744302136192396 -0.4970947597149613 0.0999052132669215 0.9998333955263250
6310 6310 0.0843508607759057 0.9952162870597610 -0.0492896972738534 -1.1104456978407011 0.8369559802790749 0.9987462510021412
4915 4915 0.0890728540268778 0.9940825966976780 -0.0621756995803665 -1.2645735745543960 0.4868672185393804 0.9988094427496776



UIS_iter_28

Total Matched Stars = 5
7777 7777 0.0496711933510463 0.9962099190898061 -0.0714042691872439 -0.2480442564242822 0.2253429572343624 0.9999272234516019
8040 8040 0.0797824289838490 0.9955306940394000 -0.0505311908712528 -1.0460151536411855 0.8565517025465527 0.9988148648458661
7060 7060 0.0606715811796547 0.9953788738655019 -0.0744302136192396 -0.5590566267678935 0.1603543784778845 0.9997807848929362
6310 6310 0.0843508607759057 0.9952162870597610 -0.0492896972738534 -1.1707391029671874 0.8986639423735401 0.9985875113882677
4915 4915 0.0890728540268778 0.9940825966976780 -0.0621756995803665 -1.3256291281493198 0.5489139526987861 0.9986651368450420



UIS_iter_29

Total Matched Stars = 5
7777 7777 0.0496711933510463 0.9962099190898061 -0.0714042691872439 -0.3098019088213416 0.2852099594991755 0.9998850887781836
8040 8040 0.0797824289838490 0.9955306940394000 -0.0505311908712528 -1.1063316421822840 0.9180754349593145 0.9986597946548299
7060 7060 0.0606715811796547 0.9953788738655019 -0.0744302136192396 -0.6209445035157349 0.2208855705658665 0.9997184934694352
6310 6310 0.0843508607759057 0.9952162870597610 -0.0492896972738534 -1.2309495609636312 0.9604437113233568 0.9984191279859589
4915 4915 0.0890728540268778 0.9940825966976780 -0.0621756995803665 -1.3866016904072476 0.6110349002483545 0.9985110654596066



UIS_iter_30

Total Matched Stars = 5
7777 7777 0.0496711933510463 0.9962099190898061 -0.0714042691872439 -0.3714875407544951 0.3451592312017809 0.9998333607643753
8040 8040 0.0797824289838490 0.9955306940394000 -0.0505311908712528 -1.1665657951516895 0.9796712000052633 0.9984950984790857
7060 7060 0.0606715811796547 0.9953788738655019 -0.0744302136192396 -0.6827576154398811 0.2814979372665897 0.9996465189410886
6310 6310 0.0843508607759057 0.9952162870597610 -0.0492896972738534 -1.2910763103812180 1.0222944301900740 0.9982411005023646
4915 4915 0.0890728540268778 0.9940825966976780 -0.0621756995803665 -1.4474904892953091 0.6732291946612927 0.9983472280325981



UIS_iter_31

Total Matched Stars = 4
7777 7777 0.0496711933510463 0.9962099190898061 -0.0714042691872439 -0.4331003825773376 0.4051899292922927 0.9997720368929288
8040 8040 0.0797824289838490 0.9955306940394000 -0.0505311908712528 -1.2267168513510278 1.0413381433485416 0.9983207759566127
7060 7060 0.0606715811796547 0.9953788738655019 -0.0744302136192396 -0.7444951880537936 0.3421906261663192 0.9995648591799662
6310 6310 0.0843508607759057 0.9952162870597610 -0.0492896972738534 -1.3511185899449687 1.0842152420598226 0.9980534288307256



UIS_iter_32

Total Matched Stars = 3
7777 7777 0.0496711933510463 0.9962099190898061 -0.0714042691872439 -0.4946396646582381 0.4653012105538045 0.9997011148316994
8040 8040 0.0797824289838490 0.9955306940394000 -0.0505311908712528 -1.2867840497497220 1.1030754106720460 0.9981368269111174
7060 7060 0.0606715811796547 0.9953788738655019 -0.0744302136192396 -0.8061564469153811 0.4029627847183734 0.9994735122449662



UIS_iter_33

Total Matched Stars = 4
6817 6817 0.0191761746012454 0.9963249833759130 -0.0834793497138613 0.9999447867889489 0.0094675587041632 0.0045594633222090
4345 4345 0.0195575799425910 0.9965637866752960 -0.0804867700568526 0.9999278170052478 0.0093205702814162 0.0075820675774441
7777 7777 0.0496711933510463 0.9962099190898061 -0.0714042691872439 0.9996205924336761 -0.0200197662261442 0.0189177203382755
7060 7060 0.0606715811796547 0.9953788738655019 -0.0744302136192396 0.9993724763818320 -0.0312386622350286 0.0166972881693461



UIS_iter_34

Total Matched Stars = 4
6817 6817 0.0191761746012454 0.9963249833759130 -0.0834793497138613 0.9999516748915831 0.0072255735665279 0.0066662559321223
4345 4345 0.0195575799425910 0.9965637866752960 -0.0804867700568526 0.9999279580185740 0.0070851660929152 0.0096891276305299
7777 7777 0.0496711933510463 0.9962099190898061 -0.0714042691872439 0.9995304677370028 -0.0222298009638017 0.0210874373634711
7060 7060 0.0606715811796547 0.9953788738655019 -0.0744302136192396 0.9992617500231707 -0.0334528893328106 0.0188907156009688



UIS_iter_35

Total Matched Stars = 4
6817 6817 0.0191761746012454 0.9963249833759130 -0.0834793497138613 0.1384992423345498 0.2437819663496627 0.9999490583291386
4345 4345 0.0195575799425910 0.9965637866752960 -0.0804867700568526 0.1347822277635477 0.3277572593478720 0.9999186136747885
7777 7777 0.0496711933510463 0.9962099190898061 -0.0714042691872439 -0.6788084566173468 0.6461101190335877 0.9994307389650001
7060 7060 0.0606715811796547 0.9953788738655019 -0.0744302136192396 -0.9906745974975770 0.5857475511735636 0.9991413317884635



UIS_iter_36

Total Matched Stars = 4
6817 6817 0.0191761746012454 0.9963249833759130 -0.0834793497138613 0.0763551094149894 0.3024755025168428 0.9999369336583513
4345 4345 0.0195575799425910 0.9965637866752960 -0.0804867700568526 0.0728216746486345 0.3864566371346791 0.9998997806578543
7777 7777 0.0496711933510463 0.9962099190898061 -0.0714042691872439 -0.7400458041471591 0.7065352980420634 0.9993214045261809
7060 7060 0.0606715811796547 0.9953788738655019 -0.0744302136192396 -1.0520228582601516 0.6468290607857339 0.9990112204840746



UIS_iter_37

Total Matched Stars = 4
6817 6817 0.0191761746012454 0.9963249833759130 -0.0834793497138613 0.0142787493189460 0.3612535563434611 0.9999152976192583
4345 4345 0.0195575799425910 0.9965637866752960 -0.0804867700568526 0.0109292790125229 0.4452397406806628 0.9998714558346665
7777 7777 0.0496711933510463 0.9962099190898061 -0.0714042691872439 -0.8012057444358009 0.7670368422037595 0.9992024630142630
7060 7060 0.0606715811796547 0.9953788738655019 -0.0744302136192396 -1.1132909341687318 0.7079857758988055 0.9988714151032559



UIS_iter_38

Total Matched Stars = 4
6817 6817 0.0191761746012454 0.9963249833759130 -0.0834793497138613 -0.0477290666796714 0.4201152995505562 0.9998841471352446
4345 4345 0.0195575799425910 0.9965637866752960 -0.0804867700568526 -0.0508941899994454 0.5041057429068236 0.9998336362550948
7777 7777 0.0496711933510463 0.9962099190898061 -0.0714042691872439 -0.8622875082027371 0.8276139076425177 0.9990739132081791
7060 7060 0.0606715811796547 0.9953788738655019 -0.0744302136192396 -1.1744780513132442 0.7692168435137515 0.9987219148261497



UIS_iter_39

Total Matched Stars = 4
6817 6817 0.0191761746012454 0.9963249833759130 -0.0834793497138613 -0.1096675672750590 0.4790599036467637 0.9998434793130843
4345 4345 0.0195575799425910 0.9965637866752960 -0.0804867700568526 -0.1126479632185705 0.5630538165324651 0.9997863191520215
7777 7777 0.0496711933510463 0.9962099190898061 -0.0714042691872439 -0.9232903262699068 0.8882656504291874 0.9989357540720816
7060 7060 0.0606715811796547 0.9953788738655019 -0.0744302136192396 -1.2355834359166855 0.8305214106134536 0.9985627190197837



UIS_iter_40

Total Matched Stars = 4
6817 6817 0.0191761746012454 0.9963249833759130 -0.0834793497138613 -0.1715359811418473 0.5380865399444927 0.9997932914429786
4345 4345 0.0195575799425910 0.9965637866752960 -0.0804867700568526 -0.1743312714651095 0.6220831340913248 0.9997295019413804
7777 7777 0.0496711933510463 0.9962099190898061 -0.0714042691872439 -0.9842134295742416 0.9489912265978564 0.9987879847553455
7060 7060 0.0606715811796547 0.9953788738655019 -0.0744302136192396 -1.2966063143478417 0.8918986241790067 0.9983938272380674



UIS_iter_41

Total Matched Stars = 4
6817 6817 0.0191761746012454 0.9963249833759130 -0.0834793497138613 -0.2333335369476029 0.5971943795760705 0.9997335809985906
4345 4345 0.0195575799425910 0.9965637866752960 -0.0804867700568526 -0.2359433455607501 0.6811928679476743 0.9996631822221865
7777 7777 0.0496711933510463 0.9962099190898061 -0.0714042691872439 -1.0450560491803800 1.0097897921619328 0.9986306045925657
7060 7060 0.0606715811796547 0.9953788738655019 -0.0744302136192396 -1.3575459131340923 0.9533476312059678 0.9982152392217812



UIS_iter_42

Total Matched Stars = 4
6817 6817 0.0191761746012454 0.9963249833759130 -0.0834793497138613 -0.2950594633651927 0.6563825935098720 0.9996643456370766
4345 4345 0.0195575799425910 0.9965637866752960 -0.0804867700568526 -0.2974834163409675 0.7403821903124118 0.9995873577765648
7777 7777 0.0496711933510463 0.9962099190898061 -0.0714042691872439 -1.1058174162933110 1.0706605031303627 0.9984636131035529
7060 7060 0.0606715811796547 0.9953788738655019 -0.0744302136192396 -1.4184014589741936 1.0148675787206407 0.9980269548985633



UIS_iter_43

Total Matched Stars = 3
6817 6817 0.0191761746012454 0.9963249833759130 -0.0834793497138613 -0.3567129890853006 0.7156503525664100 0.9995855831991131
4345 4345 0.0195575799425910 0.9965637866752960 -0.0804867700568526 -0.3589507146675113 0.7996502732591010 0.9995020265697772
7060 7060 0.0606715811796547 0.9953788738655019 -0.0744302136192396 -1.4791721787511274 1.0764576137962181 0.9978289743828930



UIS_iter_44

Total Matched Stars = 6
2190 2190 -0.0183078690702080 0.9929836713346650 -0.1168257265881040 0.9997801003855566 0.0188168323643571 -0.0092562245444815
6817 6817 0.0191761746012454 0.9963249833759130 -0.0834793497138613 0.9994972917089209 -0.0150585603418407 0.0278998857876397
4345 4345 0.0195575799425910 0.9965637866752960 -0.0804867700568526 0.9994071867502420 -0.0151324009718716 0.0309238663946416
8471 8617 -0.4709835935006430 0.1624693274458660 -0.8670514242491670 0.9991782115411787 0.0382936457339494 -0.0132852654386036
5954 5954 -0.0416860416296087 0.9941621573905220 -0.0995182332332951 0.9990229272134458 0.0438381277866162 0.0056044138000584
2461 7498 0.0131239923678690 0.8750093639286810 0.4839280668254870 0.9988726014303105 0.0338361903362384 0.0332962210374379



UIS_iter_45

Total Matched Stars = 8
2190 2190 -0.0183078690702080 0.9929836713346650 -0.1168257265881040 0.9998376632476400 0.0165216139980212 -0.0071891183325577
6817 6817 0.0191761746012454 0.9963249833759130 -0.0834793497138613 0.9993994693742857 -0.0172727911209534 0.0300391627927297
4345 4345 0.0195575799425910 0.9965637866752960 -0.0804867700568526 0.9993028366495528 -0.0173399010340605 0.0330630987096795
8471 8617 -0.4709835935006430 0.1624693274458660 -0.8670514242491670 0.9992886617600786 0.0359910072020546 -0.0112613444282975
5954 5954 -0.0416860416296087 0.9941621573905220 -0.0995182332332951 0.9991062931794912 0.0415765765178225 0.0076159841251256
2461 7498 0.0131239923678690 0.8750093639286810 0.4839280668254870 0.9988749222783629 0.0316347851958001 0.0353288834950941
6010 6010 -0.0477327139694535 0.9919119640797410 -0.1176105587631510 0.9988933002889664 0.0456943585254092 -0.0111445159952387
6314 6314 -0.0509838396705798 0.9953817793238970 -0.0813373314194487 0.9983025764754306 0.0527183834588633 0.0247535421303947



UIS_iter_46

Total Matched Stars = 6
2190 2190 -0.0183078690702080 0.9929836713346650 -0.1168257265881040 0.3952388148950792 -0.1421865778819406 0.9998856663419706
6817 6817 0.0191761746012454 0.9963249833759130 -0.0834793497138613 -0.5412314494972174 0.8939226067972378 0.9992921145865744
4345 4345 0.0195575799425910 0.9965637866752960 -0.0804867700568526 -0.5429082841987929 0.9779188046033130 0.9991889747824936
8471 8617 -0.4709835935006430 0.1624693274458660 -0.8670514242491670 0.9358433439499989 -0.2564996661799189 0.9993896602843443
5954 5954 -0.0416860416296087 0.9941621573905220 -0.0995182332332951 1.0921400267986410 0.2675235583896127 0.9991803726327955
2461 7498 0.0131239923678690 0.8750093639286810 0.4839280668254870 0.8176558218030161 1.0379037176655064 0.9988680776256624



UIS_iter_47

Total Matched Stars = 6
2190 2190 -0.0183078690702080 0.9929836713346650 -0.1168257265881040 0.3316058538922727 -0.0845847080330500 0.9999241052941675
6817 6817 0.0191761746012454 0.9963249833759130 -0.0834793497138613 -0.6025876601282243 0.9535002521549212 0.9991752259207480
4345 4345 0.0195575799425910 0.9965637866752960 -0.0804867700568526 -0.6040768022907079 1.0374936484276838 0.9990655998470486
8471 8617 -0.4709835935006430 0.1624693274458660 -0.8670514242491670 0.8719925976293236 -0.2000895876061378 0.9994812017313424
5954 5954 -0.0416860416296087 0.9941621573905220 -0.0995182332332951 1.0294319116534025 0.3235826977192673 0.9992451606955123
2461 7498 0.0131239923678690 0.8750093639286810 0.4839280668254870 0.7566302940890637 1.0945317667797645 0.9988520641262205



UIS_iter_48

Total Matched Stars = 5
2190 2190 -0.0183078690702080 0.9929836713346650 -0.1168257265881040 0.2680356270995338 -0.0268929425405101 0.9999529759139836
6817 6817 0.0191761746012454 0.9963249833759130 -0.0834793497138613 -0.6638676142205383 1.0131532950818358 0.9990488021353733
4345 4345 0.0195575799425910 0.9965637866752960 -0.0804867700568526 -0.6651687030693204 1.0971431117022390 0.9989327107244093
8471 8617 -0.4709835935006430 0.1624693274458660 -0.8670514242491670 0.8081987457526342 -0.1435856947101227 0.9995632809005078
5954 5954 -0.0416860416296087 0.9941621573905220 -0.0995182332332951 0.9667813272359210 0.3797317374114024 0.9993006526687012



UIS_iter_49

Total Matched Stars = 4
2190 2190 -0.0183078690702080 0.9929836713346650 -0.1168257265881040 0.2045289225758323 0.0308878976666099 0.9999722741953696
6817 6817 0.0191761746012454 0.9963249833759130 -0.0834793497138613 -0.7250705408350119 1.0728809058480375 0.9989128421726258
8471 8617 -0.4709835935006430 0.1624693274458660 -0.8670514242491670 0.7444625731708883 -0.0869887953033181 0.9996358927734260
5954 5954 -0.0416860416296087 0.9941621573905220 -0.0995182332332951 0.9041890431061252 0.4359698819548786 0.9993468440323992



UIS_iter_50

Total Matched Stars = 3
2190 2190 -0.0183078690702080 0.9929836713346650 -0.1168257265881040 0.1410865284858197 0.0887569913736329 0.9999819963165333
8471 8617 -0.4709835935006430 0.1624693274458660 -0.8670514242491670 0.6807848649160858 -0.0302996975692908 0.9996990325139127
5954 5954 -0.0416860416296087 0.9941621573905220 -0.0995182332332951 0.8416558289728827 0.4922963355076036 0.9993837304456923



UIS_iter_51

Total Matched Stars = 3
2190 2190 -0.0183078690702080 0.9929836713346650 -0.1168257265881040 0.0777092330873262 0.1467135170964529 0.9999821386399941
8471 8617 -0.4709835935006430 0.1624693274458660 -0.8670514242491670 0.6171664061889126 0.0264807899523543 0.9997526954680875
5954 5954 -0.0416860416296087 0.9941621573905220 -0.0995182332332951 0.7791824546819170 0.5487103019123081 0.9994113077467811



UIS_iter_52

Total Matched Stars = 3
2190 2190 -0.0183078690702080 0.9929836713346650 -0.1168257265881040 0.0143978247187298 0.2047566530976743 0.9999726977126373
8471 8617 -0.4709835935006430 0.1624693274458660 -0.8670514242491670 0.5536079823463210 0.0833518583820260 0.9997968771644491
5954 5954 -0.0416860416296087 0.9941621573905220 -0.0995182332332951 0.7167696902035191 0.6052109847122830 0.9994295719530442



UIS_iter_53

Total Matched Stars = 3
2190 2190 -0.0183078690702080 0.9929836713346650 -0.1168257265881040 -0.0488469082136605 0.2628855774027830 0.9999536702657609
8471 8617 -0.4709835935006430 0.1624693274458660 -0.8670514242491670 0.4901103788891034 0.1403126985162285 0.9998315733139406
5954 5954 -0.0416860416296087 0.9941621573905220 -0.0995182332332951 0.6544183056203547 0.6617975871671438 0.9994385192610977



UIS_iter_54

Total Matched Stars = 3
2190 2190 -0.0183078690702080 0.9929836713346650 -0.1168257265881040 -0.1120241772482000 0.3210994678162170 0.9999250532151207
8471 8617 -0.4709835935006430 0.1624693274458660 -0.8670514242491670 0.4266743814494917 0.1973625008435436 0.9998567798100167
5954 5954 -0.0416860416296087 0.9941621573905220 -0.0995182332332951 0.5921290711152405 0.7184693122685013 0.9994381460468514



UIS_iter_55

Total Matched Stars = 3
2190 2190 -0.0183078690702080 0.9929836713346650 -0.1168257265881040 -0.1751331938806741 0.3793975019374964 0.9998868436609726
8471 8617 -0.4709835935006430 0.1624693274458660 -0.8670514242491670 0.3633007757785779 0.2545004555606769 0.9998724927287038
5954 5954 -0.0416860416296087 0.9941621573905220 -0.0995182332332951 0.5299027569587634 0.7752253627556950 0.9994284488655603



UIS_iter_56

Total Matched Stars = 3
2190 2190 -0.0183078690702080 0.9929836713346650 -0.1168257265881040 -0.2381731695768930 0.4377788571772336 0.9998390388881098
8471 8617 -0.4709835935006430 0.1624693274458660 -0.8670514242491670 0.2999903477339165 0.3117257525883904 0.9998787083286581
5954 5954 -0.0416860416296087 0.9941621573905220 -0.0995182332332951 0.4677401334970822 0.8320649411313993 0.9994094244518750



UIS_iter_57

Total Matched Stars = 3
2190 2190 -0.0183078690702080 0.9929836713346650 -0.1168257265881040 -0.3011433157854943 0.4962427107732071 0.9997816363658963
8471 8617 -0.4709835935006430 0.1624693274458660 -0.8670514242491670 0.2367438832669030 0.3690375815874891 0.9998754230512203
5954 5954 -0.0416860416296087 0.9941621573905220 -0.0995182332332951 0.4056419711395088 0.8889872496773070 0.9993810697198867



UIS_iter_58

Total Matched Stars = 3
2190 2190 -0.0183078690702080 0.9929836713346650 -0.1168257265881040 -0.3640428439506932 0.5547882398063619 0.9997146337482993
8471 8617 -0.4709835935006430 0.1624693274458660 -0.8670514242491670 0.1735621684102145 0.4264351319747482 0.9998626335204657
5954 5954 -0.0416860416296087 0.9941621573905220 -0.0995182332332951 0.3436090403461396 0.9459914904697391 0.9993433817631693



UIS_iter_59

Total Matched Stars = 3
2190 2190 -0.0183078690702080 0.9929836713346650 -0.1168257265881040 -0.4268709655250156 0.6134146212167986 0.9996380288739143
8471 8617 -0.4709835935006430 0.1624693274458660 -0.8670514242491670 0.1104459892652654 0.4839175929388250 0.9998403365432516
5954 5954 -0.0416860416296087 0.9941621573905220 -0.0995182332332951 0.2816421116155179 1.0030768653952284 0.9992963578548175



UIS_iter_60

Total Matched Stars = 3
2190 2190 -0.0183078690702080 0.9929836713346650 -0.1168257265881040 -0.4896268919821723 0.6721210318197378 0.9995518197659902
8471 8617 -0.4709835935006430 0.1624693274458660 -0.8670514242491670 0.0473961319895139 0.5414841534561479 0.9998085291092610
5954 5954 -0.0416860416296087 0.9941621573905220 -0.0995182332332951 0.2197419554721414 1.0602425761661096 0.9992399954474832



UIS_iter_61

Total Matched Stars = 3
2190 2190 -0.0183078690702080 0.9929836713346650 -0.1168257265881040 -0.5523098348298475 0.7309066483214330 0.9994560046324478
8471 8617 -0.4709835935006430 0.1624693274458660 -0.8670514242491670 -0.0155866172161390 0.5991340023067618 0.9997672083910425
5954 5954 -0.0416860416296087 0.9941621573905220 -0.0995182332332951 0.1579093424540647 1.1174878243360409 0.9991742921734056



UIS_iter_62

Total Matched Stars = 10
8471 2547 -0.4829520299507940 0.1694205461596820 -0.8591007014927660 0.9997163717440470 -0.0028260529963217 0.0236471878112466
6010 6010 -0.0477327139694535 0.9919119640797410 -0.1176105587631510 0.9997024460997342 0.0068829417385935 0.0234018028201052
1730 1730 -0.0514037051484661 0.9921413742582610 -0.1140752058158980 0.9995910996996276 0.0110195865588753 0.0263856421820791
5512 1532 0.4434710101965070 -0.6666323340746250 0.5991116709608540 0.9996258022364262 0.0198726581430231 -0.0187971530161309
6474 6474 -0.0824485010828891 0.9853494627198920 -0.1492939415609490 0.9992322541456055 0.0368039406990159 -0.0134302726746575
2191 1129 0.1316570953099460 0.9911120264732860 -0.0190620102445515 0.9991465437860279 0.0413009375810084 -0.0006454419920092
4383 4986 -0.4224522313618180 0.0758705291963234 -0.9032041712796119 0.9991133039038590 -0.0256900855829875 -0.0333560409079700
510 510 -0.0643861180934171 0.9919216980041800 -0.1092967191884780 0.9992712254751092 0.0245575345963098 0.0292223447386547
2437 6174 -0.4631355674264900 0.1257584210508460 -0.8773199335016511 0.9990728550004951 0.0334434000253776 -0.0271103189929994
1701 1701 0.0039934702727181 0.9861092085059020 -0.1660502366606070 0.9985348581778546 -0.0511454224325128 -0.0176715242107577



UIS_iter_63

Total Matched Stars = 10
6010 6010 -0.0477327139694535 0.9919119640797410 -0.1176105587631510 0.9996651082278105 0.0046199364045904 0.0254622775787529
8471 2547 -0.4829520299507940 0.1694205461596820 -0.8591007014927660 0.9996560167066605 -0.0050885152730115 0.0257284914926836
1730 1730 -0.0514037051484661 0.9921413742582610 -0.1140752058158980 0.9995571731261488 0.0087632253375117 0.0284370099297734
5512 5512 -0.0664654615469490 0.9853514015338430 -0.1570508131677200 0.9997059725209575 0.0175191533202998 -0.0167644794988266
6474 6474 -0.0824485010828891 0.9853494627198920 -0.1492939415609490 0.9993405644060801 0.0344627862369712 -0.0114347145710818
510 510 -0.0643861180934171 0.9919216980041800 -0.1092967191884780 0.9992628114976150 0.0223079372194924 0.0312440313482962
5955 5955 -0.1012638213775550 0.9799669662108770 -0.1714945585593440 0.9980801929688279 0.0499451833804029 -0.0366252243734467
1701 1701 0.0039934702727181 0.9861092085059020 -0.1660502366606070 0.9984480573491038 -0.0534936320474007 -0.0154889672405254
5885 5885 0.0042274806187320 0.9866137300722210 -0.1630198639448480 0.9985017449070467 -0.0532929004572200 -0.0124149981248441
1617 1617 -0.0078930304205114 0.9829103015242100 -0.1839158482251250 0.9984011607747600 -0.0442817925694856 -0.0351318233293521



UIS_iter_64

Total Matched Stars = 5
8471 2547 -0.4829520299507940 0.1694205461596820 -0.8591007014927660 -0.2041243540186090 0.7725751640456769 0.9995861410002338
6010 6010 -0.0477327139694535 0.9919119640797410 -0.1176105587631510 0.0655370554279825 0.7646032717309226 0.9996183113587239
1730 1730 -0.0514037051484661 0.9921413742582610 -0.1140752058158980 0.1808121674396056 0.8469816291214329 0.9995138358660812
6474 6474 -0.0824485010828891 0.9853494627198920 -0.1492939415609490 0.8923216911904530 -0.2621028624140651 0.9994393643734837
510 510 -0.0643861180934171 0.9919216980041800 -0.1092967191884780 0.5572386077488215 0.9241312782816661 0.9992450973624231



UIS_iter_65

Total Matched Stars = 5
6010 6010 -0.0477327139694535 0.9919119640797410 -0.1176105587631510 0.0028100755116175 0.8220026237509370 0.9995620529571283
8471 2547 -0.4829520299507940 0.1694205461596820 -0.8591007014927660 -0.2668308085107458 0.8305500506562955 0.9995067425291074
1730 1730 -0.0514037051484661 0.9921413742582610 -0.1140752058158980 0.1182681309041240 0.9041277644124341 0.9994610853168525
6474 6474 -0.0824485010828891 0.9853494627198920 -0.1492939415609490 0.8273987073909629 -0.2064796344152893 0.9995286487596516
510 510 -0.0643861180934171 0.9919216980041800 -0.1092967191884780 0.4948755675101993 0.9804555648838194 0.9992180799781042



UIS_iter_66

Total Matched Stars = 5
8471 2547 -0.4829520299507940 0.1694205461596820 -0.8591007014927660 -0.3294662237216414 0.8886041671082934 0.9994178193806359
6010 6010 -0.0477327139694535 0.9919119640797410 -0.1176105587631510 -0.0598485894033910 0.8794827393220565 0.9994963306695152
1730 1730 -0.0514037051484661 0.9921413742582610 -0.1140752058158980 0.0557915965307583 0.9613545476776056 0.9993989190568074
6474 6474 -0.0824485010828891 0.9853494627198920 -0.1492939415609490 0.7625314673256667 -0.1507620749408599 0.9996084124592463
510 510 -0.0643861180934171 0.9919216980041800 -0.1092967191884780 0.4325765758737827 1.0368618300466699 0.9991817564320374



UIS_iter_67

Total Matched Stars = 5
6010 6010 -0.0477327139694535 0.9919119640797410 -0.1176105587631510 -0.1224381557649342 0.9370428132686665 0.9994211423242417
8471 2547 -0.4829520299507940 0.1694205461596820 -0.8591007014927660 -0.3920298134570685 0.9467367013351858 0.9993193698252040
1730 1730 -0.0514037051484661 0.9921413742582610 -0.1140752058158980 -0.0066166555786428 1.0186611780828594 0.9993273348452347
6474 6474 -0.0824485010828891 0.9853494627198920 -0.1492939415609490 0.6977207722261025 -0.0949509829884891 0.9996786505498376
510 510 -0.0643861180934171 0.9919216980041800 -0.1092967191884780 0.3703424067105893 1.0933492841487964 0.9991361239904488



UIS_iter_68

Total Matched Stars = 4
8471 2547 -0.4829520299507940 0.1694205461596820 -0.8591007014927660 -0.4545207915686692 1.0049468411844464 0.9992113923162441
6010 6010 -0.0477327139694535 0.9919119640797410 -0.1176105587631510 -0.1849578400330048 0.9946820402917997 0.9993364859315534
1730 1730 -0.0514037051484661 0.9921413742582610 -0.1140752058158980 -0.0689558453282031 1.0760468546646609 0.9992463306223937
6474 6474 -0.0824485010828891 0.9853494627198920 -0.1492939415609490 0.6329674235122580 -0.0390471579083518 0.9997393582919800



UIS_iter_69

Total Matched Stars = 3
6010 6010 -0.0477327139694535 0.9919119640797410 -0.1176105587631510 -0.2474068586924726 1.0523996149847166 0.9992423596836061
8471 2547 -0.4829520299507940 0.1694205461596820 -0.8591007014927660 -0.5169383719668383 1.0632337744331568 0.9990938854902470
6474 6474 -0.0824485010828891 0.9853494627198920 -0.1492939415609490 0.5682722227798526 0.0169486006128614 0.9997905311292848



UIS_iter_70

Total Matched Stars = 3
8471 2547 -0.4829520299507940 0.1694205461596820 -0.8591007014927660 -0.5792817686336396 1.1215966888036311 0.9989668481667699
6010 6010 -0.0477327139694535 0.9919119640797410 -0.1176105587631510 -0.3097844282658923 1.1101947318485157 0.9991387619544806
6474 6474 -0.0824485010828891 0.9853494627198920 -0.1492939415609490 0.5036359717876056 0.0730354925678113 0.9998321646884900



UIS_iter_71

Total Matched Stars = 4
6474 6474 -0.0824485010828891 0.9853494627198920 -0.1492939415609490 0.9998642547795273 0.0158061410080032 0.0046516578351977
5512 5512 -0.0664654615469490 0.9853514015338430 -0.1570508131677200 0.9999991691070447 -0.0012309648382101 -0.0003827672759249
2191 2191 -0.0851099824899273 0.9870308495267990 -0.1361116929693040 0.9996383256272413 0.0205520669016358 0.0173444654929491
5955 5955 -0.1012638213775550 0.9799669662108770 -0.1714945585593440 0.9993065943962088 0.0308713266513941 -0.0208156572568350



UIS_iter_72

Total Matched Stars = 4
6474 6474 -0.0824485010828891 0.9853494627198920 -0.1492939415609490 0.9998867973955825 0.0134835669646973 0.0066772611086947
5512 5512 -0.0664654615469490 0.9853514015338430 -0.1570508131677200 0.9999922365147954 -0.0035645518709913 0.0016795475868205
2191 2191 -0.0851099824899273 0.9870308495267990 -0.1361116929693040 0.9996458816434941 0.0182571840107058 0.0193594045673072
5955 5955 -0.1012638213775550 0.9799669662108770 -0.1714945585593440 0.9994166771060954 0.0284954271296037 -0.0188232875691776



UIS_iter_73

Total Matched Stars = 4
6474 6474 -0.0824485010828891 0.9853494627198920 -0.1492939415609490 0.3100889370166767 0.2418349644850842 0.9998997887131570
5512 5512 -0.0664654615469490 0.9853514015338430 -0.1570508131677200 -0.1637716634121197 0.1040280356830682 0.9999756070450075
2191 2191 -0.0851099824899273 0.9870308495267990 -0.1361116929693040 0.4434587497513610 0.5938180907373829 0.9996440060533786
5955 5955 -0.1012638213775550 0.9799669662108770 -0.1714945585593440 0.7255965861788669 -0.4674283231509057 0.9995171366127082



UIS_iter_74

Total Matched Stars = 4
6474 6474 -0.0824485010828891 0.9853494627198920 -0.1492939415609490 0.2456965053862146 0.2982783842436061 0.9999032250921202
5512 5512 -0.0664654615469490 0.9853514015338430 -0.1570508131677200 -0.2284616576337862 0.1614885682205240 0.9999492776238550
2191 2191 -0.0851099824899273 0.9870308495267990 -0.1361116929693040 0.3798357871413740 0.6499604742023115 0.9996326954932940
5955 5955 -0.1012638213775550 0.9799669662108770 -0.1714945585593440 0.6597084982893966 -0.4118911741551017 0.9996079676272531



UIS_iter_75

Total Matched Stars = 4
6474 6474 -0.0824485010828891 0.9853494627198920 -0.1492939415609490 0.1813670342878730 0.3548089331441078 0.9998971030757645
5512 5512 -0.0664654615469490 0.9853514015338430 -0.1570508131677200 -0.2930845012793733 0.2190348814570247 0.9999132453637045
2191 2191 -0.0851099824899273 0.9870308495267990 -0.1361116929693040 0.3162759040603768 0.7061875959510600 0.9996119467807790
5955 5955 -0.1012638213775550 0.9799669662108770 -0.1714945585593440 0.5938761948320035 -0.3562584530891712 0.9996891650457352



UIS_iter_76

Total Matched Stars = 4
6474 6474 -0.0824485010828891 0.9853494627198920 -0.1492939415609490 0.1171013261898743 0.4114258095878143 0.9998814193908505
5512 5512 -0.0664654615469490 0.9853514015338430 -0.1570508131677200 -0.3576393831726022 0.2766661594256949 0.9998675075631527
2191 2191 -0.0851099824899273 0.9870308495267990 -0.1361116929693040 0.2527798921697335 0.7624986633552076 0.9995817569145542
5955 5955 -0.1012638213775550 0.9799669662108770 -0.1714945585593440 0.5281004920244340 -0.3005309612475732 0.9997607239490383



UIS_iter_77

Total Matched Stars = 4
6474 6474 -0.0824485010828891 0.9853494627198920 -0.1492939415609490 0.0529001836336751 0.4681282117658931 0.9998561709476543
5512 5512 -0.0664654615469490 0.9853514015338430 -0.1570508131677200 -0.4221254921094028 0.3343815859979645 0.9998120617070582
2191 2191 -0.0851099824899273 0.9870308495267990 -0.1361116929693040 0.1893485431864942 0.8188928835979157 0.9995421230745625
5955 5955 -0.1012638213775550 0.9799669662108770 -0.1714945585593440 0.4623822062778813 -0.2447095002704693 0.9998226396029999



UIS_iter_78

Total Matched Stars = 4
6474 6474 -0.0824485010828891 0.9853494627198920 -0.1492939415609490 -0.0112355907790049 0.5249153376751626 0.9998213548400063
5512 5512 -0.0664654615469490 0.9853514015338430 -0.1570508131677200 -0.4865420168711125 0.3921803448994513 0.9997469054665736
2191 2191 -0.0851099824899273 0.9870308495267990 -0.1361116929693040 0.1259826488705695 0.8753694636894146 0.9994930426220054
5955 5955 -0.1012638213775550 0.9799669662108770 -0.1714945585593440 0.3967221541839961 -0.1887948721277572 0.9998749074584854



UIS_iter_79

Total Matched Stars = 4
6474 6474 -0.0824485010828891 0.9853494627198920 -0.1492939415609490 -0.0753051943991429 0.5817863851337706 0.9997769683453311
5512 5512 -0.0664654615469490 0.9853514015338430 -0.1570508131677200 -0.5508881462376625 0.4500616197258256 0.9996720366991690
2191 2191 -0.0851099824899273 0.9870308495267990 -0.1361116929693040 0.0626830010119163 0.9319276104824771 0.9994345130993753
5955 5955 -0.1012638213775550 0.9799669662108770 -0.1714945585593440 0.3311211525019114 -0.1327878791031327 0.9999175231514555



UIS_iter_80

Total Matched Stars = 4
6474 6474 -0.0824485010828891 0.9853494627198920 -0.1492939415609490 -0.1393078245434127 0.6387405517968261 0.9997230089246795
5512 5512 -0.0664654615469490 0.9853514015338430 -0.1570508131677200 -0.6151630690008014 0.5080245939586195 0.9995874534486563
2191 2191 -0.0851099824899273 0.9870308495267990 -0.1361116929693040 -0.0005496085823055 0.9885665306878305 0.9993665322304851
5955 5955 -0.1012638213775550 0.9799669662108770 -0.1714945585593440 0.2655800181452294 -0.0766893237781999 0.9999504825030329



UIS_iter_81

Total Matched Stars = 4
6474 6474 -0.0824485010828891 0.9853494627198920 -0.1492939415609490 -0.2032426785071988 0.6957770351720559 0.9996594742227597
5512 5512 -0.0664654615469490 0.9853514015338430 -0.1570508131677200 -0.6793659739773377 0.5660684509810685 0.9994931539452077
2191 2191 -0.0851099824899273 0.9870308495267990 -0.1361116929693040 -0.0637143881006024 1.0452854308896156 0.9992890979204946
5955 5955 -0.1012638213775550 0.9799669662108770 -0.1714945585593440 0.2000995681689831 -0.0205000090165404 0.9999737815195626



UIS_iter_82

Total Matched Stars = 4
6474 6474 -0.0824485010828891 0.9853494627198920 -0.1492939415609490 -0.2671089535776798 0.7528950326353767 0.9995863620679657
5512 5512 -0.0664654615469490 0.9853514015338430 -0.1570508131677200 -0.7434960500224440 0.6241923740938556 0.9993891366053699
2191 2191 -0.0851099824899273 0.9870308495267990 -0.1361116929693040 -0.1268105457400762 1.1020835175606898 0.9992022082559315
5955 5955 -0.1012638213775550 0.9799669662108770 -0.1714945585593440 0.1346806197565301 0.0357792620521176 0.9999874163926712



UIS_iter_83

Total Matched Stars = 3
6474 6474 -0.0824485010828891 0.9853494627198920 -0.1492939415609490 -0.3309058470468313 0.8100937414464763 0.9995036704723977
5512 5512 -0.0664654615469490 0.9853514015338430 -0.1570508131677200 -0.8075524860428911 0.6823955465308718 0.9992754000320769
5955 5955 -0.1012638213775550 0.9799669662108770 -0.1714945585593440 0.0693239902065266 0.0921476860477582 0.9999913834993209



UIS_iter_84

Total Matched Stars = 3
6474 6474 -0.0824485010828891 0.9853494627198920 -0.1492939415609490 -0.3946325562246064 0.8673723587643579 0.9994113976318849
5512 5512 -0.0664654615469490 0.9853514015338430 -0.1570508131677200 -0.8715344710104361 0.7406771514749306 0.9991519430146587
5955 5955 -0.1012638213775550 0.9799669662108770 -0.1714945585593440 0.0040304969197173 0.1486044593558831 0.9999856794018610



UIS_iter_85

Total Matched Stars = 3
6474 6474 -0.0824485010828891 0.9853494627198920 -0.1492939415609490 -0.4582882784520189 0.9247300816628699 0.9993095419260002
5512 5512 -0.0664654615469490 0.9853514015338430 -0.1570508131677200 -0.9354411939751544 0.7990363720734848 0.9990187645288444
5955 5955 -0.1012638213775550 0.9799669662108770 -0.1714945585593440 -0.0611990426141783 0.2051487781433344 0.9999703008480744



UIS_iter_86

Total Matched Stars = 3
6474 6474 -0.0824485010828891 0.9853494627198920 -0.1492939415609490 -0.5218722111143317 0.9821661071461739 0.9991981019180726
5512 5512 -0.0664654615469490 0.9853514015338430 -0.1570508131677200 -0.9992718440788259 0.8574723914542367 0.9988758637367631
5955 5955 -0.1012638213775550 0.9799669662108770 -0.1714945585593440 -0.1263638108296852 0.2617798383740211 0.9999452447712222



UIS_iter_87

Total Matched Stars = 3
6474 6474 -0.0824485010828891 0.9853494627198920 -0.1492939415609490 -0.5853835516541639 1.0396796321642268 0.9990770763551983
5512 5512 -0.0664654615469490 0.9853514015338430 -0.1570508131677200 -1.0630256105682796 0.9159843927408331 0.9987232399869426
5955 5955 -0.1012638213775550 0.9799669662108770 -0.1714945585593440 -0.1914629900987174 0.3184968358246892 0.9999105082900838



UIS_iter_88

Total Matched Stars = 3
6474 6474 -0.0824485010828891 0.9853494627198920 -0.1492939415609490 -0.6488214975847814 1.0972698536282162 0.9989464641682443
5512 5512 -0.0664654615469490 0.9853514015338430 -0.1570508131677200 -1.1267016828089031 0.9745715590684414 0.9985608928143025
5955 5955 -0.1012638213775550 0.9799669662108770 -0.1714945585593440 -0.2564957627439046 0.3752989661006522 0.9998660887089934



UIS_iter_89

Total Matched Stars = 7
4535 4535 -0.1293112403151720 0.9760309626570970 -0.1750490304537890 0.9998649809783936 0.0153113245962533 0.0059651615388605
5955 8498 -0.1230109068147080 0.9918439069737000 0.0333763539616072 0.9998119835178731 -0.0115726071978645 0.0155586752874519
2067 2067 -0.1031503693605120 0.9743751789117150 -0.1998824955356350 0.9997959589567966 -0.0152936181278245 -0.0131964274794228
3174 3174 -0.0913286898700836 0.9746934040432590 -0.2040388162119620 0.9995054827754787 -0.0277151431331167 -0.0148546539127606
7483 7483 -0.0899472354006543 0.9746639025207920 -0.2047920212477040 0.9994556719310096 -0.0292180256754486 -0.0153188387472045
1951 1951 -0.1333309230552860 0.9675590413924610 -0.2145981509168430 0.9993380869744340 0.0115349750725683 -0.0345011923323511
5766 5766 -0.1033152847093980 0.9690272341190140 -0.2243037482546140 0.9990890393479419 -0.0198750348894365 -0.0377634008393084



UIS_iter_90

Total Matched Stars = 7
4535 4535 -0.1293112403151720 0.9760309626570970 -0.1750490304537890 0.9998844130540947 0.0129543033595204 0.0079590549651325
5955 8498 -0.1230109068147080 0.9918439069737000 0.0333763539616072 0.9997481903922620 -0.0139089174223026 0.0176095946443134
2067 2067 -0.1031503693605120 0.9743751789117150 -0.1998824955356350 0.9997814654979056 -0.0176911637563446 -0.0111375029430420
3174 3174 -0.0913286898700836 0.9746934040432590 -0.2040388162119620 0.9994648508936459 -0.0301154717914192 -0.0127698937709955
1951 1951 -0.1333309230552860 0.9675590413924610 -0.2145981509168430 0.9994303665084883 0.0090929666115439 -0.0325001609059112
6679 6679 -0.1398492766261660 0.9710501909783590 -0.1936587370299380 0.9997232320928290 0.0196355514989712 -0.0129577903671527
7483 7483 -0.0899472354006543 0.9746639025207920 -0.2047920212477040 0.9994124104599726 -0.0316192180709341 -0.0132309813381250



UIS_iter_91

Total Matched Stars = 4
4535 4535 -0.1293112403151720 0.9760309626570970 -0.1750490304537890 0.2944290999067410 0.2765598466187767 0.9998942577586146
5955 8498 -0.1230109068147080 0.9918439069737000 0.0333763539616072 -0.4511874637014214 0.5462081076907845 0.9996747071933432
2067 2067 -0.1031503693605120 0.9743751789117150 -0.1998824955356350 -0.5579531475839316 -0.2520936891253712 0.9997570593028476
1951 1951 -0.1333309230552860 0.9675590413924610 -0.2145981509168430 0.1848053050848754 -0.8470999064424005 0.9995127594468428



UIS_iter_92

Total Matched Stars = 4
4535 4535 -0.1293112403151720 0.9760309626570970 -0.1750490304537890 0.2290774087082328 0.3321231009399457 0.9998945115618384
5955 8498 -0.1230109068147080 0.9918439069737000 0.0333763539616072 -0.5159464325557714 0.6033427224404755 0.9995915319679647
2067 2067 -0.1031503693605120 0.9743751789117150 -0.1998824955356350 -0.6244176823274624 -0.1947240716663705 0.9997227375036081
1951 1951 -0.1333309230552860 0.9675590413924610 -0.2145981509168430 0.1170855189364343 -0.7913202401352999 0.9995852609074499



UIS_iter_93

Total Matched Stars = 4
4535 4535 -0.1293112403151720 0.9760309626570970 -0.1750490304537890 0.1637875033245081 0.3877738327597599 0.9998851711173952
5955 8498 -0.1230109068147080 0.9918439069737000 0.0333763539616072 -0.5806349061247574 0.6605584460184071 0.9994986629486592
2067 2067 -0.1031503693605120 0.9743751789117150 -0.1998824955356350 -0.6908139798024834 -0.1372670491001172 0.9996784974220926
1951 1951 -0.1333309230552860 0.9675590413924610 -0.2145981509168430 0.0494238947022811 -0.7354440580866171 0.9996478661976980



UIS_iter_94

Total Matched Stars = 4
4535 4535 -0.1293112403151720 0.9760309626570970 -0.1750490304537890 0.0985602007791552 0.4435112515248693 0.9998662332627024
5955 8498 -0.1230109068147080 0.9918439069737000 0.0333763539616072 -0.6452520667146137 0.7178544733297594 0.9993960985536592
2067 2067 -0.1031503693605120 0.9743751789117150 -0.1998824955356350 -0.7571412000936361 -0.0797234413026986 0.9996243365701597
1951 1951 -0.1333309230552860 0.9675590413924610 -0.2145981509168430 -0.0181787201608380 -0.6794721702322489 0.9997005708144820



UIS_iter_95

Total Matched Stars = 4
4535 4535 -0.1293112403151720 0.9760309626570970 -0.1750490304537890 0.0333963181728873 0.4993345664903139 0.9998376950190095
5955 8498 -0.1230109068147080 0.9918439069737000 0.0333763539616072 -0.7097970966756161 0.7752299992174938 0.9992838373869078
2067 2067 -0.1031503693605120 0.9743751789117150 -0.1998824955356350 -0.8233985032659209 -0.0220940682844439 0.9995602526496479
1951 1951 -0.1333309230552860 0.9675590413924610 -0.2145981509168430 -0.0857214780242639 -0.6234053868064404 0.9997433704442706



UIS_iter_96

Total Matched Stars = 4
4535 4535 -0.1293112403151720 0.9760309626570970 -0.1750490304537890 -0.0317033273298053 0.5552429867350438 0.9997995535914358
5955 8498 -0.1230109068147080 0.9918439069737000 0.0333763539616072 -0.7742691784156532 0.8326842184779045 0.9991618782380675
2067 2067 -0.1031503693605120 0.9743751789117150 -0.1998824955356350 -0.8895850493785370 0.0356202498260336 0.9994862435524017
1951 1951 -0.1333309230552860 0.9675590413924610 -0.2145981509168430 -0.1532035311011191 -0.5672445183257058 0.9997762609631696



UIS_iter_97

Total Matched Stars = 4
4535 4535 -0.1293112403151720 0.9760309626570970 -0.1750490304537890 -0.0967379185138106 0.6112357211773513 0.9997518063690052
5955 8498 -0.1230109068147080 0.9918439069737000 0.0333763539616072 -0.8386674944135941 0.8902163258760348 0.9990302200825245
2067 2067 -0.1031503693605120 0.9743751789117150 -0.1998824955356350 -0.9556999984984975 0.0934186927977256 0.9994023073602916
1951 1951 -0.1333309230552860 0.9675590413924610 -0.2145981509168430 -0.2206240314598084 -0.5109903755727964 0.9997992384369810



UIS_iter_98

Total Matched Stars = 4
4535 4535 -0.1293112403151720 0.9760309626570970 -0.1750490304537890 -0.1617066381267282 0.6673119785903177 0.9996944509246786
5955 8498 -0.1230109068147080 0.9918439069737000 0.0333763539616072 -0.9029912272328583 0.9478255161611865 0.9988888620813893
2067 2067 -0.1031503693605120 0.9743751789117150 -0.1998824955356350 -1.0217425107144611 0.1513004403131183 0.9993084423452320
1951 1951 -0.1333309230552860 0.9675590413924610 -0.2145981509168430 -0.2879821310376995 -0.4546437695806720 0.9998122991212599



UIS_iter_99

Total Matched Stars = 4
4535 4535 -0.1293112403151720 0.9760309626570970 -0.1750490304537890 -0.2266086688921577 0.7234709676171862 0.9996274850153815
5955 8498 -0.1230109068147080 0.9918439069737000 0.0333763539616072 -0.9672395595348994 1.0055109840822769 0.9987378035814942
2067 2067 -0.1031503693605120 0.9743751789117150 -0.1998824955356350 -1.0877117461505137 0.2092646719840159 0.9992046469691943
1951 1951 -0.1333309230552860 0.9675590413924610 -0.2145981509168430 -0.3552769816547720 -0.3982055116165237 0.9998154394613661



UIS_iter_100

Total Matched Stars = 4
4535 4535 -0.1293112403151720 0.9760309626570970 -0.1750490304537890 -0.2914431935230684 0.7797118967867521 0.9995509065820278
5955 8498 -0.1230109068147080 0.9918439069737000 0.0333763539616072 -1.0314116740927879 1.0632719244032405 0.9985770441153873
2067 2067 -0.1031503693605120 0.9743751789117150 -0.1998824955356350 -1.1536068649799838 0.2673105673673631 0.9990909198842174
1951 1951 -0.1333309230552860 0.9675590413924610 -0.2145981509168430 -0.4225077350273285 -0.3416764131658064 0.9998086560925128



Time taken to execute in seconds : 0.033080