UIS_iter_1

Total Matched Stars = 10
31 31 0.1035789115479310 0.9944000301421640 -0.0209759179967930 0.9999969538195661 -0.0017438035574628 0.0017468545278696
4530 4530 0.1128735860402750 0.9932780191921770 -0.0256579454375142 0.9999339846272620 -0.0111127629553093 -0.0029211105671702
6542 6542 0.1129036244950260 0.9934415106995670 -0.0180758511514055 0.9999273830550018 -0.0111124653824451 0.0046628027944057
2377 2377 0.1188380369227590 0.9925249827945080 -0.0277791200203857 0.9998406540753509 -0.0171266743298212 -0.0050342312793868
1500 1500 0.0834649152207942 0.9963159773022280 -0.0196997791736642 0.9998250937929194 0.0184629700585471 0.0029833803976784
32 32 0.0838088534043478 0.9959051240895140 -0.0338977861120492 0.9997740774161704 0.0180536397156230 -0.0112187441215124
2436 2436 0.1152426193738360 0.9931324541293191 -0.0201759072889644 0.9999059222570659 -0.0134745188491184 0.0025659261546534
633 633 0.0838056274209881 0.9959050117246850 -0.0339090612407629 0.9997738933018481 0.0180568173457469 -0.0112300320305620
409 409 0.0925092826667570 0.9946778990990190 -0.0453641892294272 0.9997000882429353 0.0092530125656542 -0.0226741113503345
6726 6726 0.1110869155274060 0.9938106714949780 0.0002154560463549 0.9996939546749415 -0.0092349835575221 0.0229502083883441



UIS_iter_2

Total Matched Stars = 10
31 31 0.1035789115479310 0.9944000301421640 -0.0209759179967930 0.9999845767009700 -0.0039214419651658 0.0039330208613475
4530 4530 0.1128735860402750 0.9932780191921770 -0.0256579454375142 0.9999112902299778 -0.0133004116359551 -0.0007146474200352
6542 6542 0.1129036244950260 0.9934415106995670 -0.0180758511514055 0.9998881744662526 -0.0132835405751782 0.0068692148264702
2436 2436 0.1152426193738360 0.9931324541293191 -0.0201759072889644 0.9998661159948929 -0.0156501143982837 0.0047774474992459
1500 1500 0.0834649152207942 0.9963159773022280 -0.0196997791736642 0.9998542013089206 0.0162883102014930 0.0051251415278562
32 32 0.0838088534043478 0.9959051240895140 -0.0338977861120492 0.9998332171034263 0.0158480834839383 -0.0090761349978370
633 633 0.0838056274209881 0.9959050117246850 -0.0339090612407629 0.9998330645177508 0.0158512368539922 -0.0090874301780886
2377 2377 0.1188380369227590 0.9925249827945080 -0.0277791200203857 0.9998094139471004 -0.0193187046591714 -0.0028148593299375
409 409 0.0925092826667570 0.9946778990990190 -0.0453641892294272 0.9997649335800973 0.0070226474471603 -0.0205124354091972
7059 7059 0.0734035626217796 0.9969048792448060 -0.0281527748602052 0.9996477578819868 0.0263241870151221 -0.0033759945955972



UIS_iter_3

Total Matched Stars = 7
31 31 0.1035789115479310 0.9944000301421640 -0.0209759179967930 -0.1693474020564598 0.1700611531347506 0.9999626749321437
4530 4530 0.1128735860402750 0.9932780191921770 -0.0256579454375142 -0.4301504601004686 0.0415228808472597 0.9998789763646028
6542 6542 0.1129036244950260 0.9934415106995670 -0.0180758511514055 -0.4292205742708992 0.2521822994592215 0.9998393957167594
2377 2377 0.1188380369227590 0.9925249827945080 -0.0277791200203857 -0.5974456355258222 -0.0164581115100970 0.9997684997261772
1500 1500 0.0834649152207942 0.9963159773022280 -0.0196997791736642 0.3921121188880726 0.2019448220803894 0.9998739342647515
2436 2436 0.1152426193738360 0.9931324541293191 -0.0201759072889644 -0.4950839183524655 0.1942197747615432 0.9998167097465280
409 409 0.0925092826667570 0.9946778990990190 -0.0453641892294272 0.1331847124683105 -0.5096515224682441 0.9998201749498664



UIS_iter_4

Total Matched Stars = 7
31 31 0.1035789115479310 0.9944000301421640 -0.0209759179967930 -0.2296936155763090 0.2309546025640856 0.9999312453642076
4530 4530 0.1128735860402750 0.9932780191921770 -0.0256579454375142 -0.4907708500274131 0.1029797694634249 0.9998370400846525
6542 6542 0.1129036244950260 0.9934415106995670 -0.0180758511514055 -0.4893788536406589 0.3136337680049001 0.9997810441729431
2436 2436 0.1152426193738360 0.9931324541293191 -0.0201759072889644 -0.5553669947882700 0.2558135618007414 0.9997577008914796
1500 1500 0.0834649152207942 0.9963159773022280 -0.0196997791736642 0.3318381935763083 0.2616101778833154 0.9998842887116652
2377 2377 0.1188380369227590 0.9925249827945080 -0.0277791200203857 -0.6581850482773111 0.0453566484562491 0.9997179086326292
409 409 0.0925092826667570 0.9946778990990190 -0.0453641892294272 0.0713624050576975 -0.4494222330618154 0.9998658077334138



UIS_iter_5

Total Matched Stars = 7
31 31 0.1035789115479310 0.9944000301421640 -0.0209759179967930 -0.2899668361560615 0.2919300722557118 0.9998902850326268
4530 4530 0.1128735860402750 0.9932780191921770 -0.0256579454375142 -0.5513162947491405 0.1645184838604999 0.9997854786298156
6542 6542 0.1129036244950260 0.9934415106995670 -0.0180758511514055 -0.5494613278040574 0.3751650670609680 0.9997131173864479
2377 2377 0.1188380369227590 0.9925249827945080 -0.0277791200203857 -0.7188481662748113 0.1072528726744425 0.9996576380737305
1500 1500 0.0834649152207942 0.9963159773022280 -0.0196997791736642 0.2716320262521378 0.3213602707938272 0.9998852608823652
2436 2436 0.1152426193738360 0.9931324541293191 -0.0201759072889644 -0.6155738786220141 0.3174873718443575 0.9996890869950549
409 409 0.0925092826667570 0.9946778990990190 -0.0453641892294272 0.0096073795018608 -0.3891028613137760 0.9999018274977816



UIS_iter_6

Total Matched Stars = 7
31 31 0.1035789115479310 0.9944000301421640 -0.0209759179967930 -0.3501663159169492 0.3529867064777945 0.9998397911572514
4530 4530 0.1128735860402750 0.9932780191921770 -0.0256579454375142 -0.6117860404754244 0.2261381590745163 0.9997242894259906
6542 6542 0.1129036244950260 0.9934415106995670 -0.0180758511514055 -0.6094672482945931 0.4367753349218501 0.9996356130941703
2436 2436 0.1152426193738360 0.9931324541293191 -0.0201759072889644 -0.6757038192557934 0.3792403404694686 0.9996108658083873
1500 1500 0.0834649152207942 0.9963159773022280 -0.0196997791736642 0.2114943580077606 0.3811942614674037 0.9998768471910605
2377 2377 0.1188380369227590 0.9925249827945080 -0.0277791200203857 -0.7794342325925784 0.1692296906784684 0.9995876856440143
409 409 0.0925092826667570 0.9946778990990190 -0.0453641892294272 -0.0520796025673171 -0.3286942646259105 0.9999282299959515



UIS_iter_7

Total Matched Stars = 7
31 31 0.1035789115479310 0.9944000301421640 -0.0209759179967930 -0.4102913069936160 0.4141236492975094 0.9997797611423535
4530 4530 0.1128735860402750 0.9932780191921770 -0.0256579454375142 -0.6721793334460280 0.2878379299591520 0.9996534700853169
6542 6542 0.1129036244950260 0.9934415106995670 -0.0180758511514055 -0.6693958666958274 0.4984637097266877 0.9995485292182876
2377 2377 0.1188380369227590 0.9925249827945080 -0.0277791200203857 -0.8399424903478393 0.2312862318350867 0.9995080491253014
1500 1500 0.0834649152207942 0.9963159773022280 -0.0196997791736642 0.1514259299810951 0.4411113102868812 0.9998590442335199
2436 2436 0.1152426193738360 0.9931324541293191 -0.0201759072889644 -0.7357560661435104 0.4410716030992829 0.9995230352684654
409 409 0.0925092826667570 0.9946778990990190 -0.0453641892294272 -0.1136977794327607 -0.2681973007294996 0.9999450111669103



UIS_iter_8

Total Matched Stars = 7
31 31 0.1035789115479310 0.9944000301421640 -0.0209759179967930 -0.4703410615461989 0.4753400445976883 0.9997101925766596
4530 4530 0.1128735860402750 0.9932780191921770 -0.0256579454375142 -0.7324954199429152 0.3496169312025244 0.9995730184062033
6542 6542 0.1129036244950260 0.9934415106995670 -0.0180758511514055 -0.7292464346535511 0.5602293294760141 0.9994518638662786
2436 2436 0.1152426193738360 0.9931324541293191 -0.0201759072889644 -0.7957298688030788 0.5029802950198687 0.9994255934981535
1500 1500 0.0834649152207942 0.9963159773022280 -0.0196997791736642 0.0914274833439343 0.5011105773789100 0.9998318487871193
2377 2377 0.1188380369227590 0.9925249827945080 -0.0277791200203857 -0.9003721827130686 0.2934216253607018 0.9994187264867253
409 409 0.0925092826667570 0.9946778990990190 -0.0453641892294272 -0.1752463893043041 -0.2076128276684226 0.9999521671357101



UIS_iter_9

Total Matched Stars = 7
31 31 0.1035789115479310 0.9944000301421640 -0.0209759179967930 -0.5303148317723191 0.5366350360934371 0.9996310832333807
4530 4530 0.1128735860402750 0.9932780191921770 -0.0256579454375142 -0.7927335463023734 0.4114742973439550 0.9994829323733553
6542 6542 0.1129036244950260 0.9934415106995670 -0.0180758511514055 -0.7890182038878630 0.6220713320484170 0.9993456153309440
2377 2377 0.1188380369227590 0.9925249827945080 -0.0277791200203857 -0.9607225529282115 0.3556350003382127 0.9993197158847547
1500 1500 0.0834649152207942 0.9963159773022280 -0.0196997791736642 0.0314997592901816 0.5611912226303811 0.9997952578108891
2436 2436 0.1152426193738360 0.9931324541293191 -0.0201759072889644 -0.8556244768285477 0.5649655513968654 0.9993185388062112
409 409 0.0925092826667570 0.9946778990990190 -0.0453641892294272 -0.2367246703307050 -0.1469417037822798 0.9999496942135268



UIS_iter_10

Total Matched Stars = 7
31 31 0.1035789115479310 0.9944000301421640 -0.0209759179967930 -0.5902118699190940 0.5980077673487403 0.9995424310702378
4530 4530 0.1128735860402750 0.9932780191921770 -0.0256579454375142 -0.8528929589271557 0.4734091627907201 0.9993832101577937
6542 6542 0.1129036244950260 0.9934415106995670 -0.0180758511514055 -0.8487104262052558 0.6839888552171746 0.9992297820904220
2436 2436 0.1152426193738360 0.9931324541293191 -0.0201759072889644 -0.9154391399022104 0.6270265072921677 0.9992018696873085
1500 1500 0.0834649152207942 0.9963159773022280 -0.0196997791736642 -0.0283565009759269 0.6213524057048421 0.9997492684455553
2377 2377 0.1188380369227590 0.9925249827945080 -0.0277791200203857 -1.0209928443128926 0.4179254857338375 0.9992110156632110
409 409 0.0925092826667570 0.9946778990990190 -0.0453641892294272 -0.2981318606116817 -0.0861847876895301 0.9999375888977134



UIS_iter_11

Total Matched Stars = 7
31 31 0.1035789115479310 0.9944000301421640 -0.0209759179967930 -0.6500314282952814 0.6594573817930365 0.9994442342294841
4530 4530 0.1128735860402750 0.9932780191921770 -0.0256579454375142 -0.9129729042987531 0.5354206618347673 0.9992738501168746
6542 6542 0.1129036244950260 0.9934415106995670 -0.0180758511514055 -0.9083223535108589 0.7459810366668616 0.9991043628082001
2377 2377 0.1188380369227590 0.9925249827945080 -0.0277791200203857 -1.0811823002787533 0.4802922104139119 0.9990926243532822
1500 1500 0.0834649152207942 0.9963159773022280 -0.0196997791736642 -0.0881405562517380 0.6815932860588809 0.9996938780135782
2436 2436 0.1152426193738360 0.9931324541293191 -0.0201759072889644 -0.9751731078069014 0.6891622976805842 0.9990755848220376
409 409 0.0925092826667570 0.9946778990990190 -0.0453641892294272 -0.3594671982100934 -0.0253429382706580 0.9999158478718508



UIS_iter_12

Total Matched Stars = 7
31 31 0.1035789115479310 0.9944000301421640 -0.0209759179967930 -0.7097727592832926 0.7209830227377700 0.9993364910379237
4530 4530 0.1128735860402750 0.9932780191921770 -0.0256579454375142 -0.9729726289895517 0.5975079286694127 0.9991548507943026
6542 6542 0.1129036244950260 0.9934415106995670 -0.0180758511514055 -0.9678532378205231 0.8080470140099351 0.9989693563331230
2436 2436 0.1152426193738360 0.9931324541293191 -0.0201759072889644 -1.0348256304381103 0.7513720574664726 0.9989396830769200
1500 1500 0.0834649152207942 0.9963159773022280 -0.0196997791736642 -0.1478516653479647 0.7419130229584984 0.9996290840191866
2377 2377 0.1188380369227590 0.9925249827945080 -0.0277791200203857 -1.1412901643417002 0.5427343031616606 0.9989645406735342
409 409 0.0925092826667570 0.9946778990990190 -0.0453641892294272 -0.4207299211639723 0.0355829853486430 0.9998844680057941



UIS_iter_13

Total Matched Stars = 7
31 31 0.1035789115479310 0.9944000301421640 -0.0209759179967930 -0.7694351153513910 0.7825838333929067 0.9992192000069261
4530 4530 0.1128735860402750 0.9932780191921770 -0.0256579454375142 -1.0328913796751380 0.6596700974059954 0.9990262109201410
6542 6542 0.1129036244950260 0.9934415106995670 -0.0180758511514055 -1.0273023312731100 0.8701859248032826 0.9988247616993983
2377 2377 0.1188380369227590 0.9925249827945080 -0.0277791200203857 -1.2013156801342961 0.6052508926939373 0.9988267635299173
1500 1500 0.0834649152207942 0.9963159773022280 -0.0196997791736642 -0.2074890871006557 0.8023107754954369 0.9995548841484104
2436 2436 0.1152426193738360 0.9931324541293191 -0.0201759072889644 -1.0943959578163067 0.8136549215003316 0.9987941635044123
409 409 0.0925092826667570 0.9946778990990190 -0.0453641892294272 -0.4819192674987644 0.0965921238142488 0.9998434463557156



UIS_iter_14

Total Matched Stars = 7
31 31 0.1035789115479310 0.9944000301421640 -0.0209759179967930 -0.8290177490658278 0.8442589568834259 0.9990923598324385
4530 4530 0.1128735860402750 0.9932780191921770 -0.0256579454375142 -1.0927284031465891 0.7219063020905319 0.9988879294108196
6542 6542 0.1129036244950260 0.9934415106995670 -0.0180758511514055 -1.0866688861426950 0.9323969065647471 0.9986705781265969
2436 2436 0.1152426193738360 0.9931324541293191 -0.0201759072889644 -1.1538833400992092 0.8760100245953941 0.9986390253429053
1500 1500 0.0834649152207942 0.9963159773022280 -0.0196997791736642 -0.2670520803831030 0.8627857026034975 0.9994712762691076
2377 2377 0.1188380369227590 0.9925249827945080 -0.0277791200203857 -1.2612580914181042 0.6678411076779462 0.9986792920157699
409 409 0.0925092826667570 0.9946778990990190 -0.0453641892294272 -0.5430344752394950 0.1576836175603833 0.9997927801641443



UIS_iter_15

Total Matched Stars = 7
31 31 0.1035789115479310 0.9944000301421640 -0.0209759179967930 -0.8885199131029922 0.9060075362658432 0.9989559693949931
4530 4530 0.1128735860402750 0.9932780191921770 -0.0256579454375142 -1.1524829463227295 0.7842156767203292 0.9987400053691374
6542 6542 0.1129036244950260 0.9934415106995670 -0.0180758511514055 -1.1459521548508049 0.9946790967896698 0.9985068050196505
2377 2377 0.1188380369227590 0.9925249827945080 -0.0277791200203857 -1.3211166420960414 0.7305040767479437 0.9985221254118176
1500 1500 0.0834649152207942 0.9963159773022280 -0.0196997791736642 -0.3265399041177537 0.9233369630748535 0.9993782584309884
2436 2436 0.1152426193738360 0.9931324541293191 -0.0201759072889644 -1.2132870275940102 0.9384365015441768 0.9984742680167222
409 409 0.0925092826667570 0.9946778990990190 -0.0453641892294272 -0.6040747824229463 0.2188566068263612 0.9997324668600016



UIS_iter_16

Total Matched Stars = 7
31 31 0.1035789115479310 0.9944000301421640 -0.0209759179967930 -0.9479408602616345 0.9678287145445841 0.9988100277597114
4530 4530 0.1128735860402750 0.9932780191921770 -0.0256579454375142 -1.2121542562625134 0.8465973552605701 0.9985824380842623
6542 6542 0.1129036244950260 0.9934415106995670 -0.0180758511514055 -1.2051513899787478 1.0570316329673015 0.9983334419688464
2436 2436 0.1152426193738360 0.9931324541293191 -0.0201759072889644 -1.2726062707698078 1.0009334871349913 0.9982998911361115
1500 1500 0.0834649152207942 0.9963159773022280 -0.0196997791736642 -0.3859518172882394 0.9839637155763106 0.9992758288656365
2377 2377 0.1188380369227590 0.9925249827945080 -0.0277791200203857 -1.3808905762248369 0.7932389285218854 0.9983552631861702
409 409 0.0925092826667570 0.9946778990990190 -0.0453641892294272 -0.6650394271099550 0.2801102316733023 0.9996625040586335



UIS_iter_17

Total Matched Stars = 7
31 31 0.1035789115479310 0.9944000301421640 -0.0209759179967930 -1.0072798434751395 1.0297216346884626 0.9986545341763037
4530 4530 0.1128735860402750 0.9932780191921770 -0.0256579454375142 -1.2717415801773926 0.9090504716608736 0.9984152270317269
6542 6542 0.1129036244950260 0.9934415106995670 -0.0180758511514055 -1.2642658442799022 1.1194536525972947 0.9981504887498163
2377 2377 0.1188380369227590 0.9925249827945080 -0.0277791200203857 -1.4405791380274708 0.8560447916180822 0.9981787049943128
1500 1500 0.0834649152207942 0.9963159773022280 -0.0196997791736642 -0.4452870789513768 1.0446651186655329 0.9991639859865260
2436 2436 0.1152426193738360 0.9931324541293191 -0.0201759072889644 -1.3318403202698770 1.0635001161684721 0.9981158944972373
409 409 0.0925092826667570 0.9946778990990190 -0.0453641892294272 -0.7259276473976735 0.3414436320008264 0.9995828895618388



UIS_iter_18

Total Matched Stars = 4
31 31 0.1035789115479310 0.9944000301421640 -0.0209759179967930 -1.0665361158236968 1.0916854396470379 0.9984894880790686
4530 4530 0.1128735860402750 0.9932780191921770 -0.0256579454375142 -1.3312441654436520 0.9715741598718115 0.9982383718734213
1500 1500 0.0834649152207942 0.9963159773022280 -0.0196997791736642 -0.5045449482491496 1.1054403308072855 0.9990427283890346
409 409 0.0925092826667570 0.9946778990990190 -0.0453641892294272 -0.7867386814318292 0.4028559475637258 0.9994936213578934



UIS_iter_19

Total Matched Stars = 9
4530 4530 0.1128735860402750 0.9932780191921770 -0.0256579454375142 -1.3906612596148888 1.0341675538614570 0.9980518724575815
409 409 0.0925092826667570 0.9946778990990190 -0.0453641892294272 -0.8474717674191028 0.4643463179886106 0.9993946976215731
32 633 0.0838056274209881 0.9959050117246850 -0.0339090612407629 -0.5907684791916493 0.7727671283013052 0.9993866895981535
633 633 0.0838056274209881 0.9959050117246850 -0.0339090612407629 -0.5906926651846486 0.7724504639084697 0.9993870649468661
4915 4915 0.0890728540268778 0.9940825966976780 -0.0621756995803665 -0.7732341436246697 -0.0067310018741165 0.9996124621541890
6310 6310 0.0843508607759057 0.9952162870597610 -0.0492896972738534 -0.6252037813997369 0.3459801580830210 0.9996690880879879
7059 7059 0.0734035626217796 0.9969048792448060 -0.0281527748602052 -0.2940174175744723 0.9201395974895551 0.9993951662658599
7955 7955 0.1060997522427830 0.9927351896592520 -0.0567422751238394 -1.2407751905212392 0.1635083767587548 0.9989845492052227
8040 8040 0.0797824289838490 0.9955306940394000 -0.0505311908712528 -0.4995873207640668 0.3062205330302253 0.9997774789303521



UIS_iter_20

Total Matched Stars = 9
4530 4530 0.1128735860402750 0.9932780191921770 -0.0256579454375142 -1.4499921104343989 1.0968297876318087 0.9978557288187744
409 409 0.0925092826667570 0.9946778990990190 -0.0453641892294272 -0.9081261436394574 0.5259138827905293 0.9992861167141692
32 633 0.0838056274209881 0.9959050117246850 -0.0339090612407629 -0.6507534979262402 0.8337762661387091 0.9992748434648783
633 633 0.0838056274209881 0.9959050117246850 -0.0339090612407629 -0.6506783954593567 0.8334594612991878 0.9992752493611864
4915 4915 0.0890728540268778 0.9940825966976780 -0.0621756995803665 -0.8349258199839630 0.0546908354066737 0.9995462372960994
6310 6310 0.0843508607759057 0.9952162870597610 -0.0492896972738534 -0.6861333346995998 0.4070828180018751 0.9995874659056541
7059 7059 0.0734035626217796 0.9969048792448060 -0.0281527748602052 -0.3536841973483101 0.9805052249166559 0.9992957109996142
7955 7955 0.1060997522427830 0.9927351896592520 -0.0567422751238394 -1.3020559873492181 0.2259054772966728 0.9988677027163265
8040 8040 0.0797824289838490 0.9955306940394000 -0.0505311908712528 -0.5606105540192559 0.3670575316152868 0.9997089956629718



UIS_iter_21

Total Matched Stars = 6
409 409 0.0925092826667570 0.9946778990990190 -0.0453641892294272 -0.9687010484585457 0.5875577813895592 0.9991678771835032
4915 4915 0.0890728540268778 0.9940825966976780 -0.0621756995803665 -0.8965406854285169 0.1161938163803578 0.9994702582268981
6310 6310 0.0843508607759057 0.9952162870597610 -0.0492896972738534 -0.7469860372105759 0.4682641392035694 0.9994962089776871
7059 7059 0.0734035626217796 0.9969048792448060 -0.0281527748602052 -0.4132749585121381 1.0409459288787641 0.9991868411137306
7955 7955 0.1060997522427830 0.9927351896592520 -0.0567422751238394 -1.3632547916649231 0.2883795551842386 0.9987410335979394
8040 8040 0.0797824289838490 0.9955306940394000 -0.0505311908712528 -0.6215583079785372 0.4279742500051906 0.9996308980274697



UIS_iter_22

Total Matched Stars = 6
409 409 0.0925092826667570 0.9946778990990190 -0.0453641892294272 -1.0291957203400659 0.6492771531273628 0.9990399777639372
4915 4915 0.0890728540268778 0.9940825966976780 -0.0621756995803665 -0.9580779671189212 0.1777770751004013 0.9993845228784340
6310 6310 0.0843508607759057 0.9952162870597610 -0.0492896972738534 -0.8077611265445926 0.5295232651430321 0.9993953155223682
7059 7059 0.0734035626217796 0.9969048792448060 -0.0281527748602052 -0.4727889569264518 1.1014608709376261 0.9990685551549474
7955 7955 0.1060997522427830 0.9927351896592520 -0.0567422751238394 -1.4243708304665010 0.3509297346693376 0.9986045407527441
8040 8040 0.0797824289838490 0.9955306940394000 -0.0505311908712528 -0.6824298204949448 0.4889698344311623 0.9995431839902095



UIS_iter_23

Total Matched Stars = 5
409 409 0.0925092826667570 0.9946778990990190 -0.0453641892294272 -1.0896093978582446 0.7110711372837681 0.9989024173763802
4915 4915 0.0890728540268778 0.9940825966976780 -0.0621756995803665 -1.0195368922724959 0.2394397454893658 0.9992890293709392
6310 6310 0.0843508607759057 0.9952162870597610 -0.0492896972738534 -0.8684578403873989 0.5908593391684311 0.9992847839440666
7955 7955 0.1060997522427830 0.9927351896592520 -0.0567422751238394 -1.4854033308784202 0.4135551399535918 0.9984582232731222
8040 8040 0.0797824289838490 0.9955306940394000 -0.0505311908712528 -0.7432243294772146 0.5500434309956878 0.9994458517032521



UIS_iter_24

Total Matched Stars = 4
409 409 0.0925092826667570 0.9946778990990190 -0.0453641892294272 -1.1499413197102948 0.7729388730932290 0.9987551951282911
4915 4915 0.0890728540268778 0.9940825966976780 -0.0621756995803665 -1.0809166881758610 0.3011809613555999 0.9991837760130490
6310 6310 0.0843508607759057 0.9952162870597610 -0.0492896972738534 -0.9290754165109782 0.6522715045376459 0.9991646128332533
8040 8040 0.0797824289838490 0.9955306940394000 -0.0505311908712528 -0.8039410729021446 0.6111941856889722 0.9993388995043725



UIS_iter_25

Total Matched Stars = 4
409 409 0.0925092826667570 0.9946778990990190 -0.0453641892294272 -1.2101907247288710 0.8348794997613453 0.9985983103136784
4915 4915 0.0890728540268778 0.9940825966976780 -0.0621756995803665 -1.1422165821975176 0.3629998564099811 0.9990687613018159
6310 6310 0.0843508607759057 0.9952162870597610 -0.0492896972738534 -0.9896130927859690 0.7137589044347816 0.9990348009665094
8040 8040 0.0797824289838490 0.9955306940394000 -0.0505311908712528 -0.8645792888270037 0.6724212444054387 0.9992223259170758



UIS_iter_26

Total Matched Stars = 4
409 409 0.0925092826667570 0.9946778990990190 -0.0453641892294272 -1.2703568518946020 0.8968921564813235 0.9984317624130949
4915 4915 0.0890728540268778 0.9940825966976780 -0.0621756995803665 -1.2034358018003639 0.4248955642825945 0.9989439839227203
6310 6310 0.0843508607759057 0.9952162870597610 -0.0492896972738534 -1.0500701071940992 0.7753206819866237 0.9988953473065330
8040 8040 0.0797824289838490 0.9955306940394000 -0.0505311908712528 -0.9251382154018829 0.7337237529601727 0.9990961296506065



UIS_iter_27

Total Matched Stars = 4
409 409 0.0925092826667570 0.9946778990990190 -0.0453641892294272 -1.3304389403486323 0.9589759824503794 0.9982555510936311
4915 4915 0.0890728540268778 0.9940825966976780 -0.0621756995803665 -1.2645735745543960 0.4868672185393804 0.9988094427496776
6310 6310 0.0843508607759057 0.9952162870597610 -0.0492896972738534 -1.1104456978407011 0.8369559802790749 0.9987462510021412
8040 8040 0.0797824289838490 0.9955306940394000 -0.0505311908712528 -0.9856170908822156 0.7951008571053290 0.9989603095999560



UIS_iter_28

Total Matched Stars = 4
409 409 0.0925092826667570 0.9946778990990190 -0.0453641892294272 -1.3904362294051609 1.0211301168861755 0.9980696762089026
4915 4915 0.0890728540268778 0.9940825966976780 -0.0621756995803665 -1.3256291281493198 0.5489139526987861 0.9986651368450420
6310 6310 0.0843508607759057 0.9952162870597610 -0.0492896972738534 -1.1707391029671874 0.8986639423735401 0.9985875113882677
8040 8040 0.0797824289838490 0.9955306940394000 -0.0505311908712528 -1.0460151536411855 0.8565517025465527 0.9988148648458661



UIS_iter_29

Total Matched Stars = 4
409 409 0.0925092826667570 0.9946778990990190 -0.0453641892294272 -1.4503479585640946 1.0833536990431576 0.9978741377990356
4915 4915 0.0890728540268778 0.9940825966976780 -0.0621756995803665 -1.3866016904072476 0.6110349002483545 0.9985110654596066
6310 6310 0.0843508607759057 0.9952162870597610 -0.0492896972738534 -1.2309495609636312 0.9604437113233568 0.9984191279859589
8040 8040 0.0797824289838490 0.9955306940394000 -0.0505311908712528 -1.1063316421822840 0.9180754349593145 0.9986597946548299



UIS_iter_30

Total Matched Stars = 3
4915 4915 0.0890728540268778 0.9940825966976780 -0.0621756995803665 -1.4474904892953091 0.6732291946612927 0.9983472280325981
6310 6310 0.0843508607759057 0.9952162870597610 -0.0492896972738534 -1.2910763103812180 1.0222944301900740 0.9982411005023646
8040 8040 0.0797824289838490 0.9955306940394000 -0.0505311908712528 -1.1665657951516895 0.9796712000052633 0.9984950984790857



UIS_iter_31

Total Matched Stars = 8
6817 6817 0.0191761746012454 0.9963249833759130 -0.0834793497138613 0.9999025112777172 0.0139585708288192 0.0003553039984603
4345 4345 0.0195575799425910 0.9965637866752960 -0.0804867700568526 0.9998990930857827 0.0137984628100703 0.0033772874186732
7777 7777 0.0496711933510463 0.9962099190898061 -0.0714042691872439 0.9997720368929288 -0.0155916137727842 0.0145868374545225
7060 7060 0.0606715811796547 0.9953788738655019 -0.0744302136192396 0.9995648591799662 -0.0268018267699366 0.0123188625419875
942 942 -0.0002432247027628 0.9985608407047090 -0.0536301058441022 0.9989550294678190 0.0355041276352103 0.0287803061451987
4865 4865 0.0740257566150430 0.9902102976346480 -0.1183374573660930 0.9985836961707131 -0.0434064095986880 -0.0307650019955780
8040 8040 0.0797824289838490 0.9955306940394000 -0.0505311908712528 0.9983207759566127 -0.0441618066486370 0.0374881731605475
2190 2190 -0.0183078690702080 0.9929836713346650 -0.1168257265881040 0.9981641693259468 0.0488421332435293 -0.0358153192651387



UIS_iter_32

Total Matched Stars = 8
6817 6817 0.0191761746012454 0.9963249833759130 -0.0834793497138613 0.9999283976477542 0.0117119003772021 0.0024558027504493
4345 4345 0.0195575799425910 0.9965637866752960 -0.0804867700568526 0.9999181941337316 0.0115583450809455 0.0054781109268334
7777 7777 0.0496711933510463 0.9962099190898061 -0.0714042691872439 0.9997011148316994 -0.0178070279276966 0.0167508435799370
7060 7060 0.0606715811796547 0.9953788738655019 -0.0744302136192396 0.9994735122449662 -0.0290216320889537 0.0145066602498614
942 942 -0.0002432247027628 0.9985608407047090 -0.0536301058441022 0.9989690135584621 0.0333210375931598 0.0308321002163047
4865 4865 0.0740257566150430 0.9902102976346480 -0.1183374573660930 0.9985465535793625 -0.0457172291060096 -0.0285432180674487
2190 2190 -0.0183078690702080 0.9929836713346650 -0.1168257265881040 0.9983455274554746 0.0465208706296861 -0.0337937332283123
8040 8040 0.0797824289838490 0.9955306940394000 -0.0505311908712528 0.9981368269111174 -0.0463242257909900 0.0397107147841936



UIS_iter_33

Total Matched Stars = 7
6817 6817 0.0191761746012454 0.9963249833759130 -0.0834793497138613 0.2629877417823110 0.1266517589502500 0.9999447867889489
4345 4345 0.0195575799425910 0.9965637866752960 -0.0804867700568526 0.2589047300393379 0.2106129882623350 0.9999278170052478
7777 7777 0.0496711933510463 0.9962099190898061 -0.0714042691872439 -0.5561046173928950 0.5254922316187634 0.9996205924336761
7060 7060 0.0606715811796547 0.9953788738655019 -0.0744302136192396 -0.8677406176396830 0.4638135602596148 0.9993724763818320
942 942 -0.0002432247027628 0.9985608407047090 -0.0536301058441022 0.8650050684348375 0.9135252289648587 0.9989738436527577
4865 4865 0.0740257566150430 0.9902102976346480 -0.1183374573660930 -1.3340359334804028 -0.7310639010882366 0.9984993331175133
2190 2190 -0.0183078690702080 0.9929836713346650 -0.1168257265881040 1.2278178237897266 -0.8824574799709771 0.9985173994053209



UIS_iter_34

Total Matched Stars = 7
6817 6817 0.0191761746012454 0.9963249833759130 -0.0834793497138613 0.2007103768479981 0.1851737758922863 0.9999516748915831
4345 4345 0.0195575799425910 0.9965637866752960 -0.0804867700568526 0.1968101692476442 0.2691424341813874 0.9999279580185740
7777 7777 0.0496711933510463 0.9962099190898061 -0.0714042691872439 -0.6174944712167152 0.5857621489853071 0.9995304677370028
7060 7060 0.0606715811796547 0.9953788738655019 -0.0744302136192396 -0.9292469259114052 0.5247421000269105 0.9992617500231707
942 942 -0.0002432247027628 0.9985608407047090 -0.0536301058441022 0.8044885840019581 0.9706861524938831 0.9989695161510139
4865 4865 0.0740257566150430 0.9902102976346480 -0.1183374573660930 -1.3980714992931609 -0.6691744690853086 0.9984420322132749
2190 2190 -0.0183078690702080 0.9929836713346650 -0.1168257265881040 1.1634409606464791 -0.8260987984960684 0.9986797784147090



UIS_iter_35

Total Matched Stars = 7
6817 6817 0.0191761746012454 0.9963249833759130 -0.0834793497138613 0.1384992423345498 0.2437819663496627 0.9999490583291386
4345 4345 0.0195575799425910 0.9965637866752960 -0.0804867700568526 0.1347822277635477 0.3277572593478720 0.9999186136747885
7777 7777 0.0496711933510463 0.9962099190898061 -0.0714042691872439 -0.6788084566173468 0.6461101190335877 0.9994307389650001
7060 7060 0.0606715811796547 0.9953788738655019 -0.0744302136192396 -0.9906745974975770 0.5857475511735636 0.9991413317884635
942 942 -0.0002432247027628 0.9985608407047090 -0.0536301058441022 0.7440356681796467 1.0279292003699754 0.9989560276301557
4865 4865 0.0740257566150430 0.9902102976346480 -0.1183374573660930 -1.4620289192371243 -0.6071997553741642 0.9983746484890923
2190 2190 -0.0183078690702080 0.9929836713346650 -0.1168257265881040 1.0991166022273586 -0.7696395826923181 0.9988326579058526



UIS_iter_36

Total Matched Stars = 6
6817 6817 0.0191761746012454 0.9963249833759130 -0.0834793497138613 0.0763551094149894 0.3024755025168428 0.9999369336583513
4345 4345 0.0195575799425910 0.9965637866752960 -0.0804867700568526 0.0728216746486345 0.3864566371346791 0.9998997806578543
7777 7777 0.0496711933510463 0.9962099190898061 -0.0714042691872439 -0.7400458041471591 0.7065352980420634 0.9993214045261809
7060 7060 0.0606715811796547 0.9953788738655019 -0.0744302136192396 -1.0520228582601516 0.6468290607857339 0.9990112204840746
942 942 -0.0002432247027628 0.9985608407047090 -0.0536301058441022 0.6836470649211107 1.0852535738996543 0.9989333748437719
2190 2190 -0.0183078690702080 0.9929836713346650 -0.1168257265881040 1.0348455340876739 -0.7130806482935506 0.9989760314840651



UIS_iter_37

Total Matched Stars = 5
6817 6817 0.0191761746012454 0.9963249833759130 -0.0834793497138613 0.0142787493189460 0.3612535563434611 0.9999152976192583
4345 4345 0.0195575799425910 0.9965637866752960 -0.0804867700568526 0.0109292790125229 0.4452397406806628 0.9998714558346665
7777 7777 0.0496711933510463 0.9962099190898061 -0.0714042691872439 -0.8012057444358009 0.7670368422037595 0.9992024630142630
7060 7060 0.0606715811796547 0.9953788738655019 -0.0744302136192396 -1.1132909341687318 0.7079857758988055 0.9988714151032559
2190 2190 -0.0183078690702080 0.9929836713346650 -0.1168257265881040 0.9706285420490004 -0.6564228115314991 0.9991098929378669



UIS_iter_38

Total Matched Stars = 5
6817 6817 0.0191761746012454 0.9963249833759130 -0.0834793497138613 -0.0477290666796714 0.4201152995505562 0.9998841471352446
4345 4345 0.0195575799425910 0.9965637866752960 -0.0804867700568526 -0.0508941899994454 0.5041057429068236 0.9998336362550948
7777 7777 0.0496711933510463 0.9962099190898061 -0.0714042691872439 -0.8622875082027371 0.8276139076425177 0.9990739132081791
7060 7060 0.0606715811796547 0.9953788738655019 -0.0744302136192396 -1.1744780513132442 0.7692168435137515 0.9987219148261497
2190 2190 -0.0183078690702080 0.9929836713346650 -0.1168257265881040 0.9064664121870200 -0.5996668891193352 0.9992342362390857



UIS_iter_39

Total Matched Stars = 5
6817 6817 0.0191761746012454 0.9963249833759130 -0.0834793497138613 -0.1096675672750590 0.4790599036467637 0.9998434793130843
4345 4345 0.0195575799425910 0.9965637866752960 -0.0804867700568526 -0.1126479632185705 0.5630538165324651 0.9997863191520215
7777 7777 0.0496711933510463 0.9962099190898061 -0.0714042691872439 -0.9232903262699068 0.8882656504291874 0.9989357540720816
7060 7060 0.0606715811796547 0.9953788738655019 -0.0744302136192396 -1.2355834359166855 0.8305214106134536 0.9985627190197837
2190 2190 -0.0183078690702080 0.9929836713346650 -0.1168257265881040 0.8423599308192737 -0.5428136982352518 0.9993490555429579



UIS_iter_40

Total Matched Stars = 5
6817 6817 0.0191761746012454 0.9963249833759130 -0.0834793497138613 -0.1715359811418473 0.5380865399444927 0.9997932914429786
4345 4345 0.0195575799425910 0.9965637866752960 -0.0804867700568526 -0.1743312714651095 0.6220831340913248 0.9997295019413804
7777 7777 0.0496711933510463 0.9962099190898061 -0.0714042691872439 -0.9842134295742416 0.9489912265978564 0.9987879847553455
7060 7060 0.0606715811796547 0.9953788738655019 -0.0744302136192396 -1.2966063143478417 0.8918986241790067 0.9983938272380674
2190 2190 -0.0183078690702080 0.9929836713346650 -0.1168257265881040 0.7783098844930261 -0.4858640565060429 0.9994543451882211



UIS_iter_41

Total Matched Stars = 5
6817 6817 0.0191761746012454 0.9963249833759130 -0.0834793497138613 -0.2333335369476029 0.5971943795760705 0.9997335809985906
4345 4345 0.0195575799425910 0.9965637866752960 -0.0804867700568526 -0.2359433455607501 0.6811928679476743 0.9996631822221865
7777 7777 0.0496711933510463 0.9962099190898061 -0.0714042691872439 -1.0450560491803800 1.0097897921619328 0.9986306045925657
7060 7060 0.0606715811796547 0.9953788738655019 -0.0744302136192396 -1.3575459131340923 0.9533476312059678 0.9982152392217812
2190 2190 -0.0183078690702080 0.9929836713346650 -0.1168257265881040 0.7143170599729051 -0.4288187819907229 0.9995500996972071



UIS_iter_42

Total Matched Stars = 5
6817 6817 0.0191761746012454 0.9963249833759130 -0.0834793497138613 -0.2950594633651927 0.6563825935098720 0.9996643456370766
4345 4345 0.0195575799425910 0.9965637866752960 -0.0804867700568526 -0.2974834163409675 0.7403821903124118 0.9995873577765648
7777 7777 0.0496711933510463 0.9962099190898061 -0.0714042691872439 -1.1058174162933110 1.0706605031303627 0.9984636131035529
7060 7060 0.0606715811796547 0.9953788738655019 -0.0744302136192396 -1.4184014589741936 1.0148675787206407 0.9980269548985633
2190 2190 -0.0183078690702080 0.9929836713346650 -0.1168257265881040 0.6503822442287031 -0.3716786931641506 0.9996363137759301



UIS_iter_43

Total Matched Stars = 4
6817 6817 0.0191761746012454 0.9963249833759130 -0.0834793497138613 -0.3567129890853006 0.7156503525664100 0.9995855831991131
4345 4345 0.0195575799425910 0.9965637866752960 -0.0804867700568526 -0.3589507146675113 0.7996502732591010 0.9995020265697772
7060 7060 0.0606715811796547 0.9953788738655019 -0.0744302136192396 -1.4791721787511274 1.0764576137962181 0.9978289743828930
2190 2190 -0.0183078690702080 0.9929836713346650 -0.1168257265881040 0.5865062244229940 -0.3144446089006817 0.9997129823141708



UIS_iter_44

Total Matched Stars = 3
6817 6817 0.0191761746012454 0.9963249833759130 -0.0834793497138613 -0.4182933428289086 0.7749968274344350 0.9994972917089209
4345 4345 0.0195575799425910 0.9965637866752960 -0.0804867700568526 -0.4203444714408766 0.8589962887400446 0.9994071867502420
2190 2190 -0.0183078690702080 0.9929836713346650 -0.1168257265881040 0.5226897878988093 -0.2571173484578189 0.9997801003855566



UIS_iter_45

Total Matched Stars = 3
6817 6817 0.0191761746012454 0.9963249833759130 -0.0834793497138613 -0.4797997533598167 0.8344211886869360 0.9993994693742857
4345 4345 0.0195575799425910 0.9965637866752960 -0.0804867700568526 -0.4816639176127923 0.9184194086022087 0.9993028366495528
2190 2190 -0.0183078690702080 0.9929836713346650 -0.1168257265881040 0.4589337221672559 -0.1996977314599371 0.9998376632476400



UIS_iter_46

Total Matched Stars = 3
6817 6817 0.0191761746012454 0.9963249833759130 -0.0834793497138613 -0.5412314494972174 0.8939226067972378 0.9992921145865744
4345 4345 0.0195575799425910 0.9965637866752960 -0.0804867700568526 -0.5429082841987929 0.9779188046033130 0.9991889747824936
2190 2190 -0.0183078690702080 0.9929836713346650 -0.1168257265881040 0.3952388148950792 -0.1421865778819406 0.9998856663419706



UIS_iter_47

Total Matched Stars = 3
6817 6817 0.0191761746012454 0.9963249833759130 -0.0834793497138613 -0.6025876601282243 0.9535002521549212 0.9991752259207480
4345 4345 0.0195575799425910 0.9965637866752960 -0.0804867700568526 -0.6040768022907079 1.0374936484276838 0.9990655998470486
2190 2190 -0.0183078690702080 0.9929836713346650 -0.1168257265881040 0.3316058538922727 -0.0845847080330500 0.9999241052941675



UIS_iter_48

Total Matched Stars = 3
6817 6817 0.0191761746012454 0.9963249833759130 -0.0834793497138613 -0.6638676142205383 1.0131532950818358 0.9990488021353733
4345 4345 0.0195575799425910 0.9965637866752960 -0.0804867700568526 -0.6651687030693204 1.0971431117022390 0.9989327107244093
2190 2190 -0.0183078690702080 0.9929836713346650 -0.1168257265881040 0.2680356270995338 -0.0268929425405101 0.9999529759139836



UIS_iter_49

Total Matched Stars = 3
6817 6817 0.0191761746012454 0.9963249833759130 -0.0834793497138613 -0.7250705408350119 1.0728809058480375 0.9989128421726258
2190 2190 -0.0183078690702080 0.9929836713346650 -0.1168257265881040 0.2045289225758323 0.0308878976666099 0.9999722741953696
8471 8471 -0.0380946063645190 0.9921902297693370 -0.1187743613588500 0.7444625731708883 -0.0869887953033181 0.9996358927734260



UIS_iter_50

Total Matched Stars = 6
2190 2190 -0.0183078690702080 0.9929836713346650 -0.1168257265881040 0.9999819963165333 0.0050791150254895 0.0031952516894508
6010 6010 -0.0477327139694535 0.9919119640797410 -0.1176105587631510 0.9994138696950200 0.0342161690384282 -0.0010820524751977
5954 5954 -0.0416860416296087 0.9941621573905220 -0.0995182332332951 0.9993837304456923 0.0302996098430238 0.0177226680782737
1730 1730 -0.0514037051484661 0.9921413742582610 -0.1140752058158980 0.9992653791441467 0.0382708671355120 0.0020106647161814
510 510 -0.0643861180934171 0.9919216980041800 -0.1092967191884780 0.9986481500463843 0.0517180712615381 0.0052070638483504
2407 2407 0.0373385391501206 0.9907004224662650 -0.1308377102340860 0.9986465461972467 -0.0518137814476806 -0.0045175015664113



UIS_iter_51

Total Matched Stars = 7
2190 2190 -0.0183078690702080 0.9929836713346650 -0.1168257265881040 0.9999821386399941 0.0027975323911437 0.0052816866154723
6010 6010 -0.0477327139694535 0.9919119640797410 -0.1176105587631510 0.9994897758959981 0.0319265279872148 0.0009405796344956
5954 5954 -0.0416860416296087 0.9941621573905220 -0.0995182332332951 0.9994113077467811 0.0280505683685490 0.0197535708688431
8471 8471 -0.0380946063645190 0.9921902297693370 -0.1187743613588500 0.9997526954680875 0.0222179906228009 0.0009533084382848
1730 1730 -0.0514037051484661 0.9921413742582610 -0.1140752058158980 0.9993441120105077 0.0359882085573770 0.0040242558020719
5885 5885 0.0042274806187320 0.9866137300722210 -0.1630198639448480 0.9989494589262575 -0.0250144760130178 -0.0383960219388830
510 510 -0.0643861180934171 0.9919216980041800 -0.1092967191884780 0.9987510318114828 0.0494436448290206 0.0071904409823062



UIS_iter_52

Total Matched Stars = 5
2190 2190 -0.0183078690702080 0.9929836713346650 -0.1168257265881040 0.0143978247187298 0.2047566530976743 0.9999726977126373
6010 6010 -0.0477327139694535 0.9919119640797410 -0.1176105587631510 0.8233042104133588 0.0824034516044042 0.9995562676925047
5954 5954 -0.0416860416296087 0.9941621573905220 -0.0995182332332951 0.7167696902035191 0.6052109847122830 0.9994295719530442
1730 1730 -0.0514037051484661 0.9921413742582610 -0.1140752058158980 0.9363218643504232 0.1678098064182626 0.9994134795172771
510 510 -0.0643861180934171 0.9919216980041800 -0.1092967191884780 1.3103092913428855 0.2549212876046437 0.9988446644442757



UIS_iter_53

Total Matched Stars = 5
2190 2190 -0.0183078690702080 0.9929836713346650 -0.1168257265881040 -0.0488469082136605 0.2628855774027830 0.9999536702657609
6010 6010 -0.0477327139694535 0.9919119640797410 -0.1176105587631510 0.7598185546590781 0.1387709036078907 0.9996133403705648
5954 5954 -0.0416860416296087 0.9941621573905220 -0.0995182332332951 0.6544183056203547 0.6617975871671438 0.9994385192610977
1730 1730 -0.0514037051484661 0.9921413742582610 -0.1140752058158980 0.8730286347913665 0.2239257693755875 0.9994734768944229
510 510 -0.0643861180934171 0.9919216980041800 -0.1092967191884780 1.2472380009912074 0.3102003244819274 0.9989290427119120



UIS_iter_54

Total Matched Stars = 5
2190 2190 -0.0183078690702080 0.9929836713346650 -0.1168257265881040 -0.1120241772482000 0.3210994678162170 0.9999250532151207
6010 6010 -0.0477327139694535 0.9919119640797410 -0.1176105587631510 0.6963918149429387 0.1952287659380984 0.9996609893974377
5954 5954 -0.0416860416296087 0.9941621573905220 -0.0995182332332951 0.5921290711152405 0.7184693122685013 0.9994381460468514
1730 1730 -0.0514037051484661 0.9921413742582610 -0.1140752058158980 0.8097935502872267 0.2801319745352989 0.9995240995522080
510 510 -0.0643861180934171 0.9919216980041800 -0.1092967191884780 1.1842214798497763 0.3655707963794006 0.9990041615596145



UIS_iter_55

Total Matched Stars = 5
2190 2190 -0.0183078690702080 0.9929836713346650 -0.1168257265881040 -0.1751331938806741 0.3793975019374964 0.9998868436609726
6010 6010 -0.0477327139694535 0.9919119640797410 -0.1176105587631510 0.6330247739770822 0.2517762361250601 0.9996992104216850
5954 5954 -0.0416860416296087 0.9941621573905220 -0.0995182332332951 0.5299027569587634 0.7752253627556950 0.9994284488655603
1730 1730 -0.0514037051484661 0.9921413742582610 -0.1140752058158980 0.7466173900317101 0.3364276238364067 0.9995653430812622
510 510 -0.0643861180934171 0.9919216980041800 -0.1092967191884780 1.1212605004322496 0.4210319169404456 0.9990700161107599



UIS_iter_56

Total Matched Stars = 5
2190 2190 -0.0183078690702080 0.9929836713346650 -0.1168257265881040 -0.2381731695768930 0.4377788571772336 0.9998390388881098
6010 6010 -0.0477327139694535 0.9919119640797410 -0.1176105587631510 0.5697182146125741 0.3084125113863739 0.9997279992732381
5954 5954 -0.0416860416296087 0.9941621573905220 -0.0995182332332951 0.4677401334970822 0.8320649411313993 0.9994094244518750
1730 1730 -0.0514037051484661 0.9921413742582610 -0.1140752058158980 0.6835009333627484 0.3928119189002794 0.9995972032526497
510 510 -0.0643861180934171 0.9919216980041800 -0.1092967191884780 1.0583558354329594 0.4765828994506271 0.9991266016669563



UIS_iter_57

Total Matched Stars = 5
2190 2190 -0.0183078690702080 0.9929836713346650 -0.1168257265881040 -0.3011433157854943 0.4962427107732071 0.9997816363658963
6010 6010 -0.0477327139694535 0.9919119640797410 -0.1176105587631510 0.5064729198269043 0.3651367886431223 0.9997473519634607
5954 5954 -0.0416860416296087 0.9941621573905220 -0.0995182332332951 0.4056419711395088 0.8889872496773070 0.9993810697198867
1730 1730 -0.0514037051484661 0.9921413742582610 -0.1140752058158980 0.6204449597500795 0.4492840610464817 0.9996196760179322
510 510 -0.0643861180934171 0.9919216980041800 -0.1092967191884780 0.9955082577146932 0.5322229568533932 0.9991739137081161



UIS_iter_58

Total Matched Stars = 5
2190 2190 -0.0183078690702080 0.9929836713346650 -0.1168257265881040 -0.3640428439506932 0.5547882398063619 0.9997146337482993
6010 6010 -0.0477327139694535 0.9919119640797410 -0.1176105587631510 0.4432896727115279 0.4219482645357239 0.9997572646852069
5954 5954 -0.0416860416296087 0.9941621573905220 -0.0995182332332951 0.3436090403461396 0.9459914904697391 0.9993433817631693
1730 1730 -0.0514037051484661 0.9921413742582610 -0.1140752058158980 0.5574502487828471 0.5058432513085565 0.9996327575092303
510 510 -0.0643861180934171 0.9919216980041800 -0.1092967191884780 0.9327185402964405 0.5879513017656933 0.9992119478925260



UIS_iter_59

Total Matched Stars = 5
2190 2190 -0.0183078690702080 0.9929836713346650 -0.1168257265881040 -0.4268709655250156 0.6134146212167986 0.9996380288739143
6010 6010 -0.0477327139694535 0.9919119640797410 -0.1176105587631510 0.3801692564594371 0.4788461354397776 0.9997577338128786
5954 5954 -0.0416860416296087 0.9941621573905220 -0.0995182332332951 0.2816421116155179 1.0030768653952284 0.9992963578548175
1730 1730 -0.0514037051484661 0.9921413742582610 -0.1140752058158980 0.4945175801572419 0.5624886904497860 0.9996364440392801
510 510 -0.0643861180934171 0.9919216980041800 -0.1092967191884780 0.8699874563412443 0.6437671464936068 0.9992407000569122



UIS_iter_60

Total Matched Stars = 5
2190 2190 -0.0183078690702080 0.9929836713346650 -0.1168257265881040 -0.4896268919821723 0.6721210318197378 0.9995518197659902
6010 6010 -0.0477327139694535 0.9919119640797410 -0.1176105587631510 0.3171124543525775 0.5358295974818774 0.9997487559024761
5954 5954 -0.0416860416296087 0.9941621573905220 -0.0995182332332951 0.2197419554721414 1.0602425761661096 0.9992399954474832
1730 1730 -0.0514037051484661 0.9921413742582610 -0.1140752058158980 0.4316477336639862 0.6192195789789388 0.9996307321014861
510 510 -0.0643861180934171 0.9919216980041800 -0.1092967191884780 0.8073157791438518 0.6996697030479285 0.9992601662165060



UIS_iter_61

Total Matched Stars = 5
2190 2190 -0.0183078690702080 0.9929836713346650 -0.1168257265881040 -0.5523098348298475 0.7309066483214330 0.9994560046324478
6010 6010 -0.0477327139694535 0.9919119640797410 -0.1176105587631510 0.2541200497493541 0.5928978465553945 0.9997303276916477
5954 5954 -0.0416860416296087 0.9941621573905220 -0.0995182332332951 0.1579093424540647 1.1174878243360409 0.9991742921734056
1730 1730 -0.0514037051484661 0.9921413742582610 -0.1140752058158980 0.3688414891759085 0.6760351171659753 0.9996156183699723
510 510 -0.0643861180934171 0.9919216980041800 -0.1092967191884780 0.7447042821184588 0.7556581831597402 0.9992703425651008



UIS_iter_62

Total Matched Stars = 4
2190 2190 -0.0183078690702080 0.9929836713346650 -0.1168257265881040 -0.6149190056225774 0.7897706473351036 0.9993505818658972
6010 6010 -0.0477327139694535 0.9919119640797410 -0.1176105587631510 0.1911928260720420 0.6500500783362549 0.9997024460997342
1730 1730 -0.0514037051484661 0.9921413742582610 -0.1140752058158980 0.3060996266354244 0.7329345050577530 0.9995910996996276
510 510 -0.0643861180934171 0.9919216980041800 -0.1092967191884780 0.6821537387863836 0.8117317982959650 0.9992712254751092



UIS_iter_63

Total Matched Stars = 4
2190 2190 -0.0183078690702080 0.9929836713346650 -0.1168257265881040 -0.6774536159746545 0.8487122053968017 0.9992355500436495
6010 6010 -0.0477327139694535 0.9919119640797410 -0.1176105587631510 0.1283315667941779 0.7072854882986924 0.9996651082278105
1730 1730 -0.0514037051484661 0.9921413742582610 -0.1140752058158980 0.2434229260419905 0.7899169424937053 0.9995571731261488
510 510 -0.0643861180934171 0.9919216980041800 -0.1092967191884780 0.6196649227636785 0.8678897596748943 0.9992628114976150



UIS_iter_64

Total Matched Stars = 4
2190 2190 -0.0183078690702080 0.9929836713346650 -0.1168257265881040 -0.7399128775729866 0.9077304989812330 0.9991109079277276
6010 6010 -0.0477327139694535 0.9919119640797410 -0.1176105587631510 0.0655370554279825 0.7646032717309226 0.9996183113587239
1730 1730 -0.0514037051484661 0.9921413742582610 -0.1140752058158980 0.1808121674396056 0.8469816291214329 0.9995138358660812
510 510 -0.0643861180934171 0.9919216980041800 -0.1092967191884780 0.5572386077488215 0.9241312782816661 0.9992450973624231



UIS_iter_65

Total Matched Stars = 4
2190 2190 -0.0183078690702080 0.9929836713346650 -0.1168257265881040 -0.8022960021901341 0.9668247045176855 0.9989766544648694
6010 6010 -0.0477327139694535 0.9919119640797410 -0.1176105587631510 0.0028100755116175 0.8220026237509370 0.9995620529571283
1730 1730 -0.0514037051484661 0.9921413742582610 -0.1140752058158980 0.1182681309041240 0.9041277644124341 0.9994610853168525
510 510 -0.0643861180934171 0.9919216980041800 -0.1092967191884780 0.4948755675101993 0.9804555648838194 0.9992180799781042



UIS_iter_66

Total Matched Stars = 4
2190 2190 -0.0183078690702080 0.9929836713346650 -0.1168257265881040 -0.8646022016971573 1.0259939984056838 0.9988327887865317
6010 6010 -0.0477327139694535 0.9919119640797410 -0.1176105587631510 -0.0598485894033910 0.8794827393220565 0.9994963306695152
1730 1730 -0.0514037051484661 0.9921413742582610 -0.1140752058158980 0.0557915965307583 0.9613545476776056 0.9993989190568074
510 510 -0.0643861180934171 0.9919216980041800 -0.1092967191884780 0.4325765758737827 1.0368618300466699 0.9991817564320374



UIS_iter_67

Total Matched Stars = 4
2190 2190 -0.0183078690702080 0.9929836713346650 -0.1168257265881040 -0.9268306880767094 1.0852375570308719 0.9986793102088888
6010 6010 -0.0477327139694535 0.9919119640797410 -0.1176105587631510 -0.1224381557649342 0.9370428132686665 0.9994211423242417
1730 1730 -0.0514037051484661 0.9921413742582610 -0.1140752058158980 -0.0066166555786428 1.0186611780828594 0.9993273348452347
510 510 -0.0643861180934171 0.9919216980041800 -0.1092967191884780 0.3703424067105893 1.0933492841487964 0.9991361239904488



UIS_iter_68

Total Matched Stars = 3
6010 6010 -0.0477327139694535 0.9919119640797410 -0.1176105587631510 -0.1849578400330048 0.9946820402917997 0.9993364859315534
1730 1730 -0.0514037051484661 0.9921413742582610 -0.1140752058158980 -0.0689558453282031 1.0760468546646609 0.9992463306223937
8471 8471 -0.0380946063645190 0.9921902297693370 -0.1187743613588500 -0.4545207915686692 1.0049468411844464 0.9992113923162441



UIS_iter_69

Total Matched Stars = 6
6474 6474 -0.0824485010828891 0.9853494627198920 -0.1492939415609490 0.9997905311292848 0.0204578000200747 0.0006101496220630
2437 2437 -0.0810252812910968 0.9832678414218190 -0.1631540861191520 0.9997725229134810 0.0168938417482016 -0.0130192372357207
2191 2191 -0.0851099824899273 0.9870308495267990 -0.1361116929693040 0.9995949331354440 0.0251483603369735 0.0133240242535322
5512 5512 -0.0664654615469490 0.9853514015338430 -0.1570508131677200 0.9999839568849478 0.0034431695069955 -0.0044978390888472
6010 6010 -0.0477327139694535 0.9919119640797410 -0.1176105587631510 0.9992423596836061 -0.0089066469129290 0.0378863861394498
5955 5955 -0.1012638213775550 0.9799669662108770 -0.1714945585593440 0.9990575814452789 0.0356288567470192 -0.0247897866794000



UIS_iter_70

Total Matched Stars = 10
2437 2437 -0.0810252812910968 0.9832678414218190 -0.1631540861191520 0.9998338954419522 0.0145377865112504 -0.0109924650886380
6474 6474 -0.0824485010828891 0.9853494627198920 -0.1492939415609490 0.9998321646884900 0.0181308949843538 0.0026292777324412
2191 2191 -0.0851099824899273 0.9870308495267990 -0.1361116929693040 0.9996213415493131 0.0228491351727943 0.0153326625543912
5512 5512 -0.0664654615469490 0.9853514015338430 -0.1570508131677200 0.9999964080817332 0.0011049520189944 -0.0024419059497427
5955 5955 -0.1012638213775550 0.9799669662108770 -0.1714945585593440 0.9991868939565574 0.0332491463076474 -0.0228044998905953
6010 6010 -0.0477327139694535 0.9919119640797410 -0.1176105587631510 0.9991387619544806 -0.0111522394175721 0.0399670103465466
8471 8471 -0.0380946063645190 0.9921902297693370 -0.1187743613588500 0.9989668481667699 -0.0208541436708110 0.0403774807969307
4383 4383 -0.0234012490720189 0.9837854018042230 -0.1778163792758480 0.9988692342859946 -0.0446855552302433 -0.0162312646049463
7959 7959 -0.1120463578243690 0.9841638301332331 -0.1373578143236770 0.9987387867615320 0.0493083759122550 0.0094614947549951
7224 7224 -0.1154440034047010 0.9846733652476500 -0.1307327267739910 0.9984360032062588 0.0537233919944231 0.0154707677290098



UIS_iter_71

Total Matched Stars = 5
6474 6474 -0.0824485010828891 0.9853494627198920 -0.1492939415609490 0.4390594724445321 0.1292127176443800 0.9998642547795273
2437 2437 -0.0810252812910968 0.9832678414218190 -0.1631540861191520 0.3384405796405029 -0.2489538914627612 0.9998856084545050
2191 2191 -0.0851099824899273 0.9870308495267990 -0.1361116929693040 0.5708907472676600 0.4817907081374738 0.9996383256272413
5512 5512 -0.0664654615469490 0.9853514015338430 -0.1570508131677200 -0.0341934677280577 -0.0106324243312467 0.9999991691070447
5955 5955 -0.1012638213775550 0.9799669662108770 -0.1714945585593440 0.8575368514276146 -0.5782127015787492 0.9993065943962088



UIS_iter_72

Total Matched Stars = 5
2437 2437 -0.0810252812910968 0.9832678414218190 -0.1631540861191520 0.2731137244819594 -0.1924692046535895 0.9999276575784833
6474 6474 -0.0824485010828891 0.9853494627198920 -0.1492939415609490 0.3745435267971466 0.1854794752415192 0.9998867973955825
2191 2191 -0.0851099824899273 0.9870308495267990 -0.1361116929693040 0.5071440002973824 0.5377612379807567 0.9996458816434941
5512 5512 -0.0664654615469490 0.9853514015338430 -0.1570508131677200 -0.0990153297497593 0.0466540996339034 0.9999922365147954
5955 5955 -0.1012638213775550 0.9799669662108770 -0.1714945585593440 0.7915396424889922 -0.5228690991438215 0.9994166771060954



UIS_iter_73

Total Matched Stars = 5
6474 6474 -0.0824485010828891 0.9853494627198920 -0.1492939415609490 0.3100889370166767 0.2418349644850842 0.9998997887131570
2437 2437 -0.0810252812910968 0.9832678414218190 -0.1631540861191520 0.2078476507006551 -0.1358930012190898 0.9999600386267584
2191 2191 -0.0851099824899273 0.9870308495267990 -0.1361116929693040 0.4434587497513610 0.5938180907373829 0.9996440060533786
5512 5512 -0.0664654615469490 0.9853514015338430 -0.1570508131677200 -0.1637716634121197 0.1040280356830682 0.9999756070450075
5955 5955 -0.1012638213775550 0.9799669662108770 -0.1714945585593440 0.7255965861788669 -0.4674283231509057 0.9995171366127082



UIS_iter_74

Total Matched Stars = 5
2437 2437 -0.0810252812910968 0.9832678414218190 -0.1631540861191520 0.1426431715187551 -0.0792260906303653 0.9999827475977916
6474 6474 -0.0824485010828891 0.9853494627198920 -0.1492939415609490 0.2456965053862146 0.2982783842436061 0.9999032250921202
2191 2191 -0.0851099824899273 0.9870308495267990 -0.1361116929693040 0.3798357871413740 0.6499604742023115 0.9996326954932940
5512 5512 -0.0664654615469490 0.9853514015338430 -0.1570508131677200 -0.2284616576337862 0.1614885682205240 0.9999492776238550
5955 5955 -0.1012638213775550 0.9799669662108770 -0.1714945585593440 0.6597084982893966 -0.4118911741551017 0.9996079676272531



UIS_iter_75

Total Matched Stars = 5
6474 6474 -0.0824485010828891 0.9853494627198920 -0.1492939415609490 0.1813670342878730 0.3548089331441078 0.9998971030757645
2437 2437 -0.0810252812910968 0.9832678414218190 -0.1631540861191520 0.0775011002816210 -0.0224692826291578 0.9999957806756926
2191 2191 -0.0851099824899273 0.9870308495267990 -0.1361116929693040 0.3162759040603768 0.7061875959510600 0.9996119467807790
5512 5512 -0.0664654615469490 0.9853514015338430 -0.1570508131677200 -0.2930845012793733 0.2190348814570247 0.9999132453637045
5955 5955 -0.1012638213775550 0.9799669662108770 -0.1714945585593440 0.5938761948320035 -0.3562584530891712 0.9996891650457352



UIS_iter_76

Total Matched Stars = 5
2437 2437 -0.0810252812910968 0.9832678414218190 -0.1631540861191520 0.0124222504447546 0.0343766127880904 0.9999991342302744
6474 6474 -0.0824485010828891 0.9853494627198920 -0.1492939415609490 0.1171013261898743 0.4114258095878143 0.9998814193908505
2191 2191 -0.0851099824899273 0.9870308495267990 -0.1361116929693040 0.2527798921697335 0.7624986633552076 0.9995817569145542
5512 5512 -0.0664654615469490 0.9853514015338430 -0.1570508131677200 -0.3576393831726022 0.2766661594256949 0.9998675075631527
5955 5955 -0.1012638213775550 0.9799669662108770 -0.1714945585593440 0.5281004920244340 -0.3005309612475732 0.9997607239490383



UIS_iter_77

Total Matched Stars = 5
6474 6474 -0.0824485010828891 0.9853494627198920 -0.1492939415609490 0.0529001836336751 0.4681282117658931 0.9998561709476543
2437 2437 -0.0810252812910968 0.9832678414218190 -0.1631540861191520 -0.0525925644392106 0.0913107853861853 0.9999928048171041
2191 2191 -0.0851099824899273 0.9870308495267990 -0.1361116929693040 0.1893485431864942 0.8188928835979157 0.9995421230745625
5512 5512 -0.0664654615469490 0.9853514015338430 -0.1570508131677200 -0.4221254921094028 0.3343815859979645 0.9998120617070582
5955 5955 -0.1012638213775550 0.9799669662108770 -0.1714945585593440 0.4623822062778813 -0.2447095002704693 0.9998226396029999



UIS_iter_78

Total Matched Stars = 5
2437 2437 -0.0810252812910968 0.9832678414218190 -0.1631540861191520 -0.1175425307336238 0.1483324247071167 0.9999767891775504
6474 6474 -0.0824485010828891 0.9853494627198920 -0.1492939415609490 -0.0112355907790049 0.5249153376751626 0.9998213548400063
2191 2191 -0.0851099824899273 0.9870308495267990 -0.1361116929693040 0.1259826488705695 0.8753694636894146 0.9994930426220054
5512 5512 -0.0664654615469490 0.9853514015338430 -0.1570508131677200 -0.4865420168711125 0.3921803448994513 0.9997469054665736
5955 5955 -0.1012638213775550 0.9799669662108770 -0.1714945585593440 0.3967221541839961 -0.1887948721277572 0.9998749074584854



UIS_iter_79

Total Matched Stars = 5
6474 6474 -0.0824485010828891 0.9853494627198920 -0.1492939415609490 -0.0753051943991429 0.5817863851337706 0.9997769683453311
2437 2437 -0.0810252812910968 0.9832678414218190 -0.1631540861191520 -0.1824268347309197 0.2054407200859448 0.9999510842388286
2191 2191 -0.0851099824899273 0.9870308495267990 -0.1361116929693040 0.0626830010119163 0.9319276104824771 0.9994345130993753
5512 5512 -0.0664654615469490 0.9853514015338430 -0.1570508131677200 -0.5508881462376625 0.4500616197258256 0.9996720366991690
5955 5955 -0.1012638213775550 0.9799669662108770 -0.1714945585593440 0.3311211525019114 -0.1327878791031327 0.9999175231514555



UIS_iter_80

Total Matched Stars = 5
2437 2437 -0.0810252812910968 0.9832678414218190 -0.1631540861191520 -0.2472446626657547 0.2626348606666538 0.9999156871140401
6474 6474 -0.0824485010828891 0.9853494627198920 -0.1492939415609490 -0.1393078245434127 0.6387405517968261 0.9997230089246795
2191 2191 -0.0851099824899273 0.9870308495267990 -0.1361116929693040 -0.0005496085823055 0.9885665306878305 0.9993665322304851
5512 5512 -0.0664654615469490 0.9853514015338430 -0.1570508131677200 -0.6151630690008014 0.5080245939586195 0.9995874534486563
5955 5955 -0.1012638213775550 0.9799669662108770 -0.1714945585593440 0.2655800181452294 -0.0766893237781999 0.9999504825030329



UIS_iter_81

Total Matched Stars = 5
6474 6474 -0.0824485010828891 0.9853494627198920 -0.1492939415609490 -0.2032426785071988 0.6957770351720559 0.9996594742227597
2437 2437 -0.0810252812910968 0.9832678414218190 -0.1631540861191520 -0.3119952007281668 0.3199140354180309 0.9998705951022092
2191 2191 -0.0851099824899273 0.9870308495267990 -0.1361116929693040 -0.0637143881006024 1.0452854308896156 0.9992890979204946
5512 5512 -0.0664654615469490 0.9853514015338430 -0.1570508131677200 -0.6793659739773377 0.5660684509810685 0.9994931539452077
5955 5955 -0.1012638213775550 0.9799669662108770 -0.1714945585593440 0.2000995681689831 -0.0205000090165404 0.9999737815195626



UIS_iter_82

Total Matched Stars = 5
2437 2437 -0.0810252812910968 0.9832678414218190 -0.1631540861191520 -0.3766776350768019 0.3772774331494512 0.9998158056883173
6474 6474 -0.0824485010828891 0.9853494627198920 -0.1492939415609490 -0.2671089535776798 0.7528950326353767 0.9995863620679657
2191 2191 -0.0851099824899273 0.9870308495267990 -0.1361116929693040 -0.1268105457400762 1.1020835175606898 0.9992022082559315
5512 5512 -0.0664654615469490 0.9853514015338430 -0.1570508131677200 -0.7434960500224440 0.6241923740938556 0.9993891366053699
5955 5955 -0.1012638213775550 0.9799669662108770 -0.1714945585593440 0.1346806197565301 0.0357792620521176 0.9999874163926712



UIS_iter_83

Total Matched Stars = 4
6474 6474 -0.0824485010828891 0.9853494627198920 -0.1492939415609490 -0.3309058470468313 0.8100937414464763 0.9995036704723977
2437 2437 -0.0810252812910968 0.9832678414218190 -0.1631540861191520 -0.4412911518520589 0.4347242425266823 0.9997513165433316
5512 5512 -0.0664654615469490 0.9853514015338430 -0.1570508131677200 -0.8075524860428911 0.6823955465308718 0.9992754000320769
5955 5955 -0.1012638213775550 0.9799669662108770 -0.1714945585593440 0.0693239902065266 0.0921476860477582 0.9999913834993209



UIS_iter_84

Total Matched Stars = 4
2437 2437 -0.0810252812910968 0.9832678414218190 -0.1631540861191520 -0.5058349371894155 0.4922536520876415 0.9996771255242310
6474 6474 -0.0824485010828891 0.9853494627198920 -0.1492939415609490 -0.3946325562246064 0.8673723587643579 0.9994113976318849
5512 5512 -0.0664654615469490 0.9853514015338430 -0.1570508131677200 -0.8715344710104361 0.7406771514749306 0.9991519430146587
5955 5955 -0.1012638213775550 0.9799669662108770 -0.1714945585593440 0.0040304969197173 0.1486044593558831 0.9999856794018610



UIS_iter_85

Total Matched Stars = 4
6474 6474 -0.0824485010828891 0.9853494627198920 -0.1492939415609490 -0.4582882784520189 0.9247300816628699 0.9993095419260002
2437 2437 -0.0810252812910968 0.9832678414218190 -0.1631540861191520 -0.5703081772326578 0.5498648502581565 0.9995932306740297
5512 5512 -0.0664654615469490 0.9853514015338430 -0.1570508131677200 -0.9354411939751544 0.7990363720734848 0.9990187645288444
5955 5955 -0.1012638213775550 0.9799669662108770 -0.1714945585593440 -0.0611990426141783 0.2051487781433344 0.9999703008480744



UIS_iter_86

Total Matched Stars = 4
2437 2437 -0.0810252812910968 0.9832678414218190 -0.1631540861191520 -0.6347100581472114 0.6075570253676367 0.9994996302217951
6474 6474 -0.0824485010828891 0.9853494627198920 -0.1492939415609490 -0.5218722111143317 0.9821661071461739 0.9991981019180726
5512 5512 -0.0664654615469490 0.9853514015338430 -0.1570508131677200 -0.9992718440788259 0.8574723914542367 0.9988758637367631
5955 5955 -0.1012638213775550 0.9799669662108770 -0.1714945585593440 -0.1263638108296852 0.2617798383740211 0.9999452447712222



UIS_iter_87

Total Matched Stars = 4
6474 6474 -0.0824485010828891 0.9853494627198920 -0.1492939415609490 -0.5853835516541639 1.0396796321642268 0.9990770763551983
2437 2437 -0.0810252812910968 0.9832678414218190 -0.1631540861191520 -0.6990397661334007 0.6653293656647827 0.9993963225826631
5512 5512 -0.0664654615469490 0.9853514015338430 -0.1570508131677200 -1.0630256105682796 0.9159843927408331 0.9987232399869426
5955 5955 -0.1012638213775550 0.9799669662108770 -0.1714945585593440 -0.1914629900987174 0.3184968358246892 0.9999105082900838



UIS_iter_88

Total Matched Stars = 4
2437 2437 -0.0810252812910968 0.9832678414218190 -0.1631540861191520 -0.7632964874398810 0.7231810593332568 0.9992833063578506
6474 6474 -0.0824485010828891 0.9853494627198920 -0.1492939415609490 -0.6488214975847814 1.0972698536282162 0.9989464641682443
5512 5512 -0.0664654615469490 0.9853514015338430 -0.1570508131677200 -1.1267016828089031 0.9745715590684414 0.9985608928143025
5955 5955 -0.1012638213775550 0.9799669662108770 -0.1714945585593440 -0.2564957627439046 0.3752989661006522 0.9998660887089934



UIS_iter_89

Total Matched Stars = 3
2437 2437 -0.0810252812910968 0.9832678414218190 -0.1631540861191520 -0.8274794083769448 0.7811112945072595 0.9991605803346626
5512 5512 -0.0664654615469490 0.9853514015338430 -0.1570508131677200 -1.1902992502980168 1.0332330735992894 0.9983888219401432
5955 5955 -0.1012638213775550 0.9799669662108770 -0.1714945585593440 -0.3214613110517907 0.4321854246514408 0.9998119835178731



UIS_iter_90

Total Matched Stars = 3
2437 2437 -0.0810252812910968 0.9832678414218190 -0.1631540861191520 -0.8915877153299921 0.8391192592871569 0.9990281434864974
5512 5512 -0.0664654615469490 0.9853514015338430 -0.1570508131677200 -1.2538175026783940 1.0919681195382693 0.9982070272721350
5955 5955 -0.1012638213775550 0.9799669662108770 -0.1714945585593440 -0.3863588172861828 0.4891554067864847 0.9997481903922620



UIS_iter_91

Total Matched Stars = 6
4535 4535 -0.1293112403151720 0.9760309626570970 -0.1750490304537890 0.9998942577586146 0.0105994475966427 0.0099561544782760
2067 2067 -0.1031503693605120 0.9743751789117150 -0.1998824955356350 0.9997570593028476 -0.0200863133130215 -0.0090753728085134
6679 6679 -0.1398492766261660 0.9710501909783590 -0.1936587370299380 0.9997912034638093 0.0172364713755329 -0.0109751323868143
5955 5955 -0.1012638213775550 0.9799669662108770 -0.1714945585593440 0.9996747071933432 -0.0162427486932512 0.0196634918768682
1951 1951 -0.1333309230552860 0.9675590413924610 -0.2145981509168430 0.9995127594468428 0.0066529909830555 -0.0304955966319264
3174 3174 -0.0913286898700836 0.9746934040432590 -0.2040388162119620 0.9994142191888987 -0.0325132857094274 -0.0106819818114971



UIS_iter_92

Total Matched Stars = 6
4535 4535 -0.1293112403151720 0.9760309626570970 -0.1750490304537890 0.9998945115618384 0.0082467867134964 0.0119564316338380
2067 2067 -0.1031503693605120 0.9743751789117150 -0.1998824955356350 0.9997227375036081 -0.0224790365637886 -0.0070100665799893
6679 6679 -0.1398492766261660 0.9710501909783590 -0.1936587370299380 0.9998494825418426 0.0148394299992075 -0.0089890810491367
5955 5955 -0.1012638213775550 0.9799669662108770 -0.1714945585593440 0.9995915319679647 -0.0185740715720078 0.0217203380078571
1951 1951 -0.1333309230552860 0.9675590413924610 -0.2145981509168430 0.9995852609074499 0.0042150786817116 -0.0284875286448708
3174 3174 -0.0913286898700836 0.9746934040432590 -0.2040388162119620 0.9993535852932334 -0.0349085544856473 -0.0085909478687021



UIS_iter_93

Total Matched Stars = 5
4535 4535 -0.1293112403151720 0.9760309626570970 -0.1750490304537890 0.1637875033245081 0.3877738327597599 0.9998851711173952
2067 2067 -0.1031503693605120 0.9743751789117150 -0.1998824955356350 -0.6908139798024834 -0.1372670491001172 0.9996784974220926
6679 6679 -0.1398492766261660 0.9710501909783590 -0.1936587370299380 0.3456793681636446 -0.1944351374611891 0.9998980648917486
5955 5955 -0.1012638213775550 0.9799669662108770 -0.1714945585593440 -0.5806349061247574 0.6605584460184071 0.9994986629486592
1951 1951 -0.1333309230552860 0.9675590413924610 -0.2145981509168430 0.0494238947022811 -0.7354440580866171 0.9996478661976980



UIS_iter_94

Total Matched Stars = 5
4535 4535 -0.1293112403151720 0.9760309626570970 -0.1750490304537890 0.0985602007791552 0.4435112515248693 0.9998662332627024
2067 2067 -0.1031503693605120 0.9743751789117150 -0.1998824955356350 -0.7571412000936361 -0.0797234413026986 0.9996243365701597
6679 6679 -0.1398492766261660 0.9710501909783590 -0.1936587370299380 0.2792106397112271 -0.1390809080642433 0.9999369462640685
5955 5955 -0.1012638213775550 0.9799669662108770 -0.1714945585593440 -0.6452520667146137 0.7178544733297594 0.9993960985536592
1951 1951 -0.1333309230552860 0.9675590413924610 -0.2145981509168430 -0.0181787201608380 -0.6794721702322489 0.9997005708144820



UIS_iter_95

Total Matched Stars = 5
4535 4535 -0.1293112403151720 0.9760309626570970 -0.1750490304537890 0.0333963181728873 0.4993345664903139 0.9998376950190095
2067 2067 -0.1031503693605120 0.9743751789117150 -0.1998824955356350 -0.8233985032659209 -0.0220940682844439 0.9995602526496479
6679 6679 -0.1398492766261660 0.9710501909783590 -0.1936587370299380 0.2128010339448633 -0.0836348024838980 0.9999661225951286
5955 5955 -0.1012638213775550 0.9799669662108770 -0.1714945585593440 -0.7097970966756161 0.7752299992174938 0.9992838373869078
1951 1951 -0.1333309230552860 0.9675590413924610 -0.2145981509168430 -0.0857214780242639 -0.6234053868064404 0.9997433704442706



UIS_iter_96

Total Matched Stars = 5
4535 4535 -0.1293112403151720 0.9760309626570970 -0.1750490304537890 -0.0317033273298053 0.5552429867350438 0.9997995535914358
2067 2067 -0.1031503693605120 0.9743751789117150 -0.1998824955356350 -0.8895850493785370 0.0356202498260336 0.9994862435524017
6679 6679 -0.1398492766261660 0.9710501909783590 -0.1936587370299380 0.1464513814432741 -0.0280976158490173 0.9999855900070994
5955 5955 -0.1012638213775550 0.9799669662108770 -0.1714945585593440 -0.7742691784156532 0.8326842184779045 0.9991618782380675
1951 1951 -0.1333309230552860 0.9675590413924610 -0.2145981509168430 -0.1532035311011191 -0.5672445183257058 0.9997762609631696



UIS_iter_97

Total Matched Stars = 5
4535 4535 -0.1293112403151720 0.9760309626570970 -0.1750490304537890 -0.0967379185138106 0.6112357211773513 0.9997518063690052
2067 2067 -0.1031503693605120 0.9743751789117150 -0.1998824955356350 -0.9556999984984975 0.0934186927977256 0.9994023073602916
6679 6679 -0.1398492766261660 0.9710501909783590 -0.1936587370299380 0.0801625129154189 0.0275298564637292 0.9999953448080494
5955 5955 -0.1012638213775550 0.9799669662108770 -0.1714945585593440 -0.8386674944135941 0.8902163258760348 0.9990302200825245
1951 1951 -0.1333309230552860 0.9675590413924610 -0.2145981509168430 -0.2206240314598084 -0.5109903755727964 0.9997992384369810



UIS_iter_98

Total Matched Stars = 5
4535 4535 -0.1293112403151720 0.9760309626570970 -0.1750490304537890 -0.1617066381267282 0.6673119785903177 0.9996944509246786
2067 2067 -0.1031503693605120 0.9743751789117150 -0.1998824955356350 -1.0217425107144611 0.1513004403131183 0.9993084423452320
6679 6679 -0.1398492766261660 0.9710501909783590 -0.1936587370299380 0.0139352591870774 0.0832468188455774 0.9999953834919999
5955 5955 -0.1012638213775550 0.9799669662108770 -0.1714945585593440 -0.9029912272328583 0.9478255161611865 0.9988888620813893
1951 1951 -0.1333309230552860 0.9675590413924610 -0.2145981509168430 -0.2879821310376995 -0.4546437695806720 0.9998122991212599



UIS_iter_99

Total Matched Stars = 5
4535 4535 -0.1293112403151720 0.9760309626570970 -0.1750490304537890 -0.2266086688921577 0.7234709676171862 0.9996274850153815
2067 2067 -0.1031503693605120 0.9743751789117150 -0.1998824955356350 -1.0877117461505137 0.2092646719840159 0.9992046469691943
6679 6679 -0.1398492766261660 0.9710501909783590 -0.1936587370299380 -0.0522295488125332 0.1390524754712963 0.9999857027389701
5955 5955 -0.1012638213775550 0.9799669662108770 -0.1714945585593440 -0.9672395595348994 1.0055109840822769 0.9987378035814942
1951 1951 -0.1333309230552860 0.9675590413924610 -0.2145981509168430 -0.3552769816547720 -0.3982055116165237 0.9998154394613661



UIS_iter_100

Total Matched Stars = 5
4535 4535 -0.1293112403151720 0.9760309626570970 -0.1750490304537890 -0.2914431935230684 0.7797118967867521 0.9995509065820278
2067 2067 -0.1031503693605120 0.9743751789117150 -0.1998824955356350 -1.1536068649799838 0.2673105673673631 0.9990909198842174
6679 6679 -0.1398492766261660 0.9710501909783590 -0.1936587370299380 -0.1183310800642106 0.1949460303148349 0.9999662994150247
5955 5955 -0.1012638213775550 0.9799669662108770 -0.1714945585593440 -1.0314116740927879 1.0632719244032405 0.9985770441153873
1951 1951 -0.1333309230552860 0.9675590413924610 -0.2145981509168430 -0.4225077350273285 -0.3416764131658064 0.9998086560925128



Time taken to execute in seconds : 0.019839